40.71771639727507 -73.9918354198967
33.44943805020126 -112.00213969017547
33.44638027037988 -111.90188756212359
41.87824377967115 -87.62984336226329
37.68868157406161 -122.40933037359147
38.8861652155993 -77.04878333074303
33.357344562325096 -111.82265410760392
33.76663623218336 -84.39328918481657
42.363218639848895 -71.07368760857386
47.60624471741767 -122.33204382627093
36.117229142990276 -115.17107342280688
34.06039755458241 -118.24870902659876
44.97794782033687 -93.2673008852605
30.26718361698159 -97.74311928133027
40.76687624004166 -73.83335349045205
39.735830152625304 -104.98658042770822
39.95168037300773 -75.16273592391683
34.03548695312116 -118.43899771946148
32.98089338217789 -117.07811797821928
32.80302053531547 -96.76989743494408
37.34787114392445 -121.9472872235438
28.543501546632914 -81.37642862287088
32.71134443394278 -117.15363874791043
32.2217131518074 -110.92653515261165
34.12740221911527 -118.35188372510652
29.762697754725156 -95.3823137047244
43.040532816770465 -87.91433256599365
33.81730643390889 -117.891249170958
37.390292432025845 -122.0872864361108
25.7858124199675 -80.2179380368254
45.523483214646724 -122.67628042137935
33.56973460352672 -112.31401583827702
33.67430265976576 -117.85878926777275
-6.2127666563850035 106.84465981237784
27.94944607964624 -82.4650735999998
34.160210384964344 -118.22361657326915
39.10009487559828 -94.5824387016742
35.22726338097585 -80.84318161707374
43.65295022190731 -79.38260886984479
37.793142220000135 -122.26638327200024
39.996832405120884 -82.99995493315389
39.768450280601215 -86.15824943415348
33.87298601157018 -118.36209114655645
47.645224584013214 -122.16867481595776
39.28625030782621 -76.61466929101515
34.04892809999974 -111.09373110000084
40.439174644478236 -79.9956503328221
34.13146014917951 -118.11801180610205
40.766668319314654 -74.19249554890972
37.543724937380205 -122.30230856198074
33.65089599288026 -117.75207397281613
33.8098779552631 -118.14892380690813
40.87014826075197 -73.85938863991156
41.48748453037534 -81.70746926211562
29.42491663242302 -98.49362410785047
26.120862658633104 -80.1589066802157
35.77131422276117 -78.63671409664157
38.645525337999786 -90.22935878999974
51.502991260887086 -0.12553728870967767
44.962034067796594 -93.11910779660994
38.58153308777307 -121.49565145676871
40.70807102398186 -73.58440031945706
38.98522152361123 -77.40597233611103
38.86832041904759 -77.24339935619022
34.091297534634215 -117.98038945268247
40.759599954773876 -111.89607777939733
39.1285678085426 -84.50309269949756
37.54294466903543 -77.4685887934008
36.164203997959305 -86.78143980816328
49.24017197830703 -123.11186022275179
35.20135159999994 -111.63924899999985
40.014985599999875 -105.27054560000026
39.005656549197866 -77.1265309818182
32.877584059358334 -97.01473146898432
40.984718398888894 -73.77423909722225
34.06188557374307 -117.67178457765387
41.25352750000007 -95.9993827781608
40.48887518959529 -74.42261149017344
29.966228185964944 -90.07729902046758
42.06520071333328 -87.80762188000004
41.854356500605974 -87.85689994848495
37.69303367865858 -122.09784477804868
44.8847971196319 -93.32703229141113
40.72580963935479 -74.29919603935461
30.33264489161299 -81.65430532774165
43.07283789473695 -89.39990342236815
40.62422883287678 -74.22584933904119
33.8883253427586 -118.04892817172427
42.89993612569448 -78.87341406805545
38.98589733661966 -94.67220204366218
34.19818207092195 -118.54927680780146
33.01182339432621 -96.70158661914896
26.010098249285683 -80.19999058571432
40.60991858814826 -74.11949520888906
34.056012232592614 -84.31689027259254
43.16220163893142 -77.61107258473298
33.96804695419846 -84.5680670755724
43.0488843868217 -76.14517626356594
42.331551719531305 -83.04453524062487
36.08379277054309 -86.6505529157627
34.075078825600066 -117.81647188640012
42.95810022338701 -85.66805423709685
28.640402699999978 -81.3438759162601
-0.30122619999999967 36.52296410000003
35.14953430000005 -90.04898010000016
-23.549518346153803 -46.638218881196636
42.48118989224136 -83.16129892241365
47.4525996504349 -122.2593132208696
38.25346141491227 -85.75942131403494
37.5911196289474 -122.0207348359649
19.430324425438563 -99.14107183421046
39.0943562258928 -77.17691474999994
37.93503947767865 -122.52404823482166
42.069406181818216 -88.00480022727265
39.923851567272756 -74.9900514081818
35.78910416727279 -78.80416963999997
41.78755155046738 -88.13076373831785
42.27103333113213 -83.72662352924547
41.05086818301895 -73.54851961415088
33.98393587403844 -118.00740497307689
40.06552463300965 -74.39430641553406
36.033668999999946 -115.00236399999996
36.77826099999996 -119.41793239999983
32.72607049600001 -97.32101128200003
28.39950740700002 -81.53741104899999
42.28367924343434 -85.58616455252536
44.87394484489789 -93.48111789693866
39.10196142653063 -76.64161297040829
33.180450702040865 -117.36769176734687
45.506305283505114 -73.55965378247407
42.51691315154646 -83.31173525360832
40.05547609896905 -75.33351810000008
27.779155250515483 -82.64753711855678
39.97651584270831 -86.05148145833341
35.46854261789481 -97.51679603999979
41.597101410638324 -93.72645914787229
37.915907800000014 -122.06076017311827
33.2362374706522 -111.62403149782597
32.78430573736261 -79.9205039857143
43.00218064888885 -88.0143771766668
40.81356674888893 -74.43149605333346
42.314925124719096 -83.41802047865167
39.618795439080515 -104.9938543114944
34.39317987441864 -118.5424772569766
26.35257116627905 -80.085278717442
38.95160293647055 -92.33439649294115
33.99977334235298 -84.15205565058821
32.88162144761907 -97.18290859642853
32.7835604940476 -97.12318197499994
42.00904088554218 -88.09617232771085
30.441642560241 -84.2858799457833
35.99403290000005 -78.89861899999988
40.724220581012695 -73.40003738481009
39.854933112658166 -105.03830419493657
38.5273511227848 -90.38105192025311
35.91300619493676 -79.05707519620246
-6.913102101265831 107.60774275949373
39.529835911538406 -119.81145215769251
39.0824626948718 -77.52544363076923
26.20058464102565 -80.25071612564099
1.3508366025641 103.82022041282038
41.135089724675325 -73.34649909220784
33.92431521038961 -84.27900946753229
45.048677490789466 -93.40395351315794
39.85636094473685 -75.11196706578933
35.08449090000005 -106.6511367000001
32.7937055631579 -116.98787850263149
25.70534972105258 -80.28342873815798
40.291521692 -74.68239279599993
40.28806506533331 -74.0249913093333
43.58706659729737 -116.1958639837836
40.5858157527027 -105.08514374054062
21.305570864864876 -157.85681728378387
40.53299666438359 -74.29595137945206
31.75871980000006 -106.48693139999983
37.684648659154874 -121.90359639577451
33.13691896901411 -96.84826837746466
42.73284661857144 -84.53367694428556
42.6269734214285 -83.1985474842857
42.32737153913048 -71.36285074782604
38.833881600000026 -104.82136340000012
33.01823688260866 -117.28299397826089
40.80745445882348 -96.68141625000004
40.14561193970583 -75.28321337205887
37.09024 -95.71289100000007
41.29770560597012 -72.95414562985084
36.81158212238808 -76.2845886343283
33.788832247761185 -84.26754498955219
48.8577655469697 2.3457983651515137
41.600321898484886 -93.60765108484861
33.05810629999998 -112.04764229999999
40.14840974218748 -74.04873530312497
40.01223260156246 -74.93187819375001
39.72943189999996 -104.8319195000001
39.21151927656246 -76.85037377499998
42.45466108095237 -83.42359858253961
41.0942622015873 -81.5066809650794
36.85292630000002 -75.97798500000007
33.95567922857139 -83.3815783428572
41.13075639677421 -73.99961724354837
39.34761036129037 -76.77220048709684
33.16220987741931 -96.64954858064513
44.886974614754116 -92.97031761803271
41.822486137704914 -71.40810602295092
35.96349356393436 -83.91712750983599
33.13069531639346 -117.12432252622948
47.34608157000004 -122.26901950000004
41.681168358333366 -86.23894422333348
40.41024026271187 -74.24711956610169
40.35423095084746 -74.11567474576275
13.73101117118644 100.51336204745765
-6.3146981152542345 106.81315175593215
44.78208702413788 -93.18367249655172
35.68000562241379 139.70605629137927
44.051762105263144 -123.08334703684199
41.79500354912276 -72.69092316140353
34.85256733333336 -82.39203350877189
43.66161485357138 -70.25431398214293
41.45170499285714 -81.84819700714293
39.975351960714285 -105.09324142678572
36.03311639999997 -86.78277720000004
34.4219613642857 -119.69346761428565
40.56362461454545 -74.52603426181825
37.56653499999998 126.97796920000012
33.45162379454543 -117.64702445272732
42.53156651666665 -82.96434142592592
34.068120212962924 -117.22684049074068
32.95011099999999 -96.88391698333338
44.48055118679242 -73.19678361320747
41.834299833962255 -72.56461691698112
41.1699096075472 -73.21811186792449
40.94798430377356 -74.27348516603776
39.75398973396226 -84.18965707735843
34.16418263962264 -118.82645039433979
34.00030151132081 -81.03703146226411
40.59422284038461 -111.87898254807683
37.69223609999996 -97.3375448
32.79257481923081 -117.22474285769233
45.099324566666695 -93.27443494705874
42.753148239215676 -71.45954490980388
41.8269022509804 -88.31323856078434
30.450746199999983 -91.154551
27.95474522941178 -82.79091589019612
47.78685906999999 -122.191604392
43.54997490000003 -96.70032699999994
42.21333552000001 -87.97050708999997
39.16532499999998 -86.5263857
33.95512936800003 -117.39706508400009
47.98789650204081 -122.19901846938781
42.5226011612245 -70.90788364489795
40.11307317959184 -74.91828257142858
27.916103902040803 -82.24841784897956
-7.267715371428567 112.74167326530616
42.24284855208335 -70.96381451250004
38.822386197916664 -77.42015213958332
36.07254132916669 -79.7944798333333
33.65028436041669 -84.43758000625004
26.708357729166693 -80.0519220333334
40.86717449574469 -73.38055516808511
38.720351431914885 -121.244884155319
36.15398159999997 -95.99277500000002
13.786798338297864 100.61551539148931
-22.90353930000001 -43.209586899999984
41.72070682391309 -87.71461837391298
38.742388378260884 -77.21913204782606
33.48581276956523 -86.79924081304351
32.06268793695649 -81.10157020869556
28.52905037173912 -81.55647568695655
28.291955700000013 -81.40757100000008
27.664827399999997 -81.51575349999995
44.2601702822222 -88.41388403777768
42.933130882222216 -78.75293654000002
41.522727768324685 -90.5410787240668
41.34767893111116 -73.45140617333337
39.36294387555554 -74.42592673555563
38.881395800000014 -94.81912849999992
30.412753639999977 -87.20984056666673
29.651634399999992 -82.32482620000008
55.748349518181776 37.62385041818183
40.2194914022727 -74.79358449772737
47.29836829069771 -122.36173786046511
42.195567206976754 -71.1867695767442
41.24369069302325 -73.06478146744183
36.74772720000003 -119.77236609999999
33.883084039534886 -117.56395783255817
45.427717411904716 -122.78965456904754
42.43462138095236 -71.45071421428572
40.11384109999998 -88.23670261428576
38.9716689 -95.23525010000002
38.61018540238096 -90.55174977380953
34.07750167380951 -84.04649003333337
33.97257482142858 -118.16837066666663
31.968598800000024 -99.90181309999991
26.48884247142857 -80.0700818714285
3.134275921428573 101.67555986904758
42.61425142439022 -71.12383345609753
41.07927300000004 -85.13935129999994
33.60497865199462 -86.63696634109183
30.49481402682929 -97.6674049365853
42.67720624749998 -73.75123032499997
40.496202660000016 -88.99246485999991
40.16724130249999 -75.1301481225
38.05292796249997 -122.276567105
36.973905175000034 -122.02007963749995
36.35958268499999 -94.17947600499994
33.362778000000006 -112.16861100000003
52.5234051 13.411399899999996
42.25493944871796 -71.4497311589744
41.62184241025642 -87.7797234
40.5255315948718 -74.64741316923079
39.73594297948715 -75.55050863846157
39.417784620512805 -76.59778866153844
35.9250637 -86.86888989999999
51.04500000000002 -114.05722220000004
45.40109128947367 -75.7051333684211
42.56062689736842 -71.22277635263161
41.218337994736835 -73.93479548421055
40.27352509999998 -76.89054586578942
38.981804289473665 -76.49960739736841
28.038268273684217 -81.94780579473685
26.138843786842077 -80.33434683684207
47.80529201081078 -122.34446337297295
42.25905707297299 -71.790836545946
40.100428383783786 -83.11003126756758
39.09561068918917 -76.88814440540534
34.75143575945949 -92.28484992432435
44.89943693333333 -93.62907909444446
42.989515536111135 -71.46588435277779
41.706869299999994 -73.9256479722222
40.76679362777777 -73.06231106666665
39.712229050000005 -86.37676057222218
29.986731291666672 -90.20393365555552
28.065487166666674 -80.59930491111109
-0.789275 113.92132699999999
47.531789725714276 -122.02841032857138
42.29856200571429 -88.27068894000006
41.7127698342857 -87.8328234514285
40.96048899714285 -72.2086191457143
40.13047046285715 -82.94110988571427
43.01644742941177 -88.23213489999998
42.65263913823529 -83.00841650882357
42.439221967647036 -82.91527936470588
42.016666700000016 -94.3766667
41.5062953764706 -73.08288424999998
39.91861719117647 -75.33817145294115
39.413043311764675 -77.41126803823532
39.33104944411765 -74.57533548235294
38.30472220000001 -122.29888889999995
34.73036879999998 -86.58610369999998
34.101487299999995 -84.51937540000003
33.50959430000001 -117.1657184941176
41.274174090909085 -73.84626447272727
38.440955818181806 -122.71673953333341
35.54774646060606 -80.82838935757579
34.22572549999998 -77.94471019999996
33.37031969999999 -112.58377659999998
29.211117730303037 -81.0235402151515
27.800582800000004 -97.396381
25.2644444 55.31166669999998
-8.66436294545455 115.21134018787885
43.18353895937502 -87.95640763437503
42.135342931249994 -71.43706586250005
42.101790224999995 -75.92552983749998
40.61566269062504 -75.36652545000001
39.56552661863273 -104.79615645278776
35.045629699999985 -85.30968010000001
34.09865736562501 -117.35580912187508
32.46191387187502 -84.988933390625
20.676282293749995 -103.34731531250007
3.5848877374999977 98.67732914999995
52.37296399032261 4.892317222580647
48.75955290000001 -122.48822490000009
46.78029465483874 -92.10083304516134
44.66468697419354 -93.22828416451615
41.47416572258066 -81.52397445806453
40.88031393225807 -73.07814735806454
40.79350004516128 -77.85759507096775
40.30413109032259 -74.31252538064517
40.16312081290324 -105.10637213225797
39.968261003225784 -75.6132144
38.03171360000001 -84.49513590000002
34.2659 -119.25836600000001
26.64406870967742 -81.87331197419358
14.594446125806453 121.01582649354837
42.28177951333332 -71.58480652
42.253048073333346 -83.17962892999999
41.96190683 -88.29374470333332
39.96259840000001 -76.72774499999998
39.94187740999999 -74.1481392333333
39.055823499999995 -95.68901850000005
38.62457133999998 -121.29814465333334
37.79336196000002 -121.98601656000004
33.93230805333332 -83.99220399333335
33.56898140333334 -84.32907162333329
39.02460513103447 -84.58562820689656
38.99854259655172 -76.81361866896552
38.02930590000003 -78.47667810000002
36.256130044827586 -94.12431232413792
34.0050079 -118.81008930000004
33.833371599999985 -111.95070420000002
30.64426478965516 -96.34891375862061
28.32970167241379 -80.67288769655171
27.336434700000012 -82.53065269999998
21.37780984137931 -158.0030451344828
46.729552999999974 -94.68589979999994
45.63872809999999 -122.66148609999995
42.89325042142857 -87.86338142500006
42.44396140000001 -76.50188069999997
42.1923157892857 -88.29305954999998
42.05843600000002 -70.17863740000006
41.605641660714284 -88.20381831785708
40.51168288214287 -80.19610841071429
40.41962254642857 -79.8507862
40.37315943928572 -74.51987564999999
39.35657744285715 -84.4973694142857
36.198726400000005 -86.58786063571434
35.845621299999976 -86.39027000000002
33.57786310000002 -101.85516650000001
32.72532479999998 -114.62439700000003
25.8456722642857 -80.31889059642857
-33.86063042857143 151.20477592857145
61.21805560000002 -149.90027779999994
46.8768199222222 -96.78729437777777
45.5223169 -122.41102696296296
43.451575814814795 -80.49993848148145
42.726130900000015 -87.78285229999999
41.5311774888889 -87.49265338518522
41.35807079999999 -72.10527855555556
40.02898681111112 -76.3163172888889
37.65944994444445 -77.51334097407405
36.09985959999998 -80.24421600000004
36.05727738888887 -94.16586065555559
31.230393000000017 121.473704
-33.425740640740756 -70.57073985925923
47.658780199999995 -117.42604660000005
42.129224099999995 -80.085059
41.99812282307691 -91.66978686923075
41.20332159999999 -77.19452470000004
40.69404409230769 -89.59083475384621
40.28623573846154 -111.68892062307694
40.12107735384614 -75.49086327307693
39.694523788461545 -75.75215749230769
37.213611323076925 -93.29664310384621
33.207822111538476 -97.12518336538467
32.93987711153847 -96.59048371153845
29.619539792307698 -95.63197613846152
18.433950507692316 -66.11070032692308
-7.790179030769232 110.36663958846158
-34.611995957692294 -58.37186535769232
43.074149143999996 -70.772261672
42.08731462400001 -88.28416888400001
42.06242921599999 -71.19800674799998
41.712166196000005 -71.43339008399998
41.605020956000004 -87.90389908399999
40.62945249999997 -75.49198333999996
40.290735404 -75.132053236
34.61002429999999 -112.31572099999995
30.282790375999998 -81.39532133599997
45.525410799999996 -122.97612223333336
44.0247062 -88.54261360000004
41.589843116666664 -83.67160278333337
41.38058658333333 -81.44969834166669
40.64738827083333 -74.602102525
39.755542999999996 -105.22109970000002
38.780919291666656 -90.53477922500002
37.975339020833324 -121.7373151625
36.596899349999994 -121.8927997791667
30.00806682916667 -95.23665046249998
28.664152187499997 -81.19046940416668
45.40863436956521 -122.63070896086955
43.55211606086954 -79.6279655043478
43.190097682608695 -70.8673582173913
41.68137813913043 -91.57016263043478
41.16918656086957 -81.40734466956522
41.00527 28.97696
40.42068759130438 -86.8895384652174
39.587222200000014 -78.84249999999999
39.372212099999985 -104.85609019999997
39.34609773043479 -76.4911708608696
39.260215882608684 -84.29711197826082
38.72894057391305 -75.08960126956521
38.59669773478262 -122.85768683478267
32.05950187826087 34.78865671304346
-37.809054056521745 144.9666813869565
47.03896737272728 -122.90472724545454
44.50789623636362 -88.02764150454543
44.02163059999999 -92.46989920000004
43.78443970000001 -88.78786779999997
43.2072670181818 -88.11732609090912
43.13736935909092 -77.45119461363637
41.36386271818182 -81.58700702272724
39.74338983636364 -74.96350501363635
37.637089672727285 -120.99509781818186
36.998921759090884 -76.3916683090909
35.60059031363636 -82.55043594090908
35.40875170000001 -80.57951099999997
34.42355656363637 -119.84582048181814
34.2694474 -118.78148200000001
33.82829486818181 -84.62414716363635
25.673210999999995 -100.30920100000002
42.819780790476194 -73.93786926666668
42.36871233809522 -87.88839364761904
39.64176804761905 -106.56254373333338
37.68187450000001 -121.76800880000002
36.67773720000001 -121.65550130000003
35.22199709999999 -101.83129690000004
34.54002420000002 -112.46850249999993
34.48390100000002 -114.32245479999999
33.82066686190475 -116.53005381428572
32.87950220000001 -111.75735209999996
-6.1839662238095245 106.62444716666666
44.94289749999999 -123.03509630000003
42.63824705999998 -71.37905408499998
42.284991915 -89.083953605
41.66191050000001 -83.54837847999998
40.63109401999999 -89.40460155999997
40.021730379999994 -82.82441171999997
39.670073314999996 -84.12874244999998
38.545003715000014 -121.738197205
35.28275240000001 -120.65961560000002
34.9530337 -120.43571909999996
34.2073196 -84.14019260000002
53.342887326315804 -6.269302921052633
42.18329953157895 -88.1248734473684
41.447730673684205 -74.02841287894735
41.37284354210528 -71.95487932631576
41.33769753157895 -81.84286900526317
40.85669462105264 -74.61142752105263
38.408799300000005 -121.3716178
38.018268915789484 -121.85146308421051
37.43157340000001 -78.6568942
35.6528323 -97.47809540000002
34.8697395 -111.76098959999995
33.70758057368421 -116.23712694210526
32.216316 -80.752608
29.938271747368418 -93.92072047368418
26.20268920526315 -98.23160340000003
26.142035800000013 -81.79481029999995
22.396428000000007 114.10949699999996
48.433061200000004 -123.36190453333327
47.605796816666675 -122.66980361666664
42.351674272222226 -72.57957465000001
41.878002499999994 -93.09770200000001
41.52858545 -72.8271984833333
41.19053066666666 -111.99542030555557
40.646062199999996 -111.49797289999998
40.417455494444454 -3.700910200000001
40.38786394991309 -75.95144173201415
40.345892033333335 -80.0522917888889
38.456545844444456 -122.41896017777779
37.97458633333335 -87.5566949555556
35.3732921 -119.01871250000002
30.6943566 -88.0430541
30.51746591666667 -97.82575209999999
29.785785299999993 -95.82439559999995
21.158964000000008 -86.84593700000003
-6.2474466 107.1484521
55.68682617647058 12.589942552941174
53.54356400000002 -113.490452
44.7630567 -85.62063170000003
42.880642500000015 -71.3272856
41.44601576470588 -75.66807671764707
41.1399814 -104.82024619999999
40.834997988235294 -74.73254172941176
37.95770159999999 -121.29077959999998
37.13050120000001 -121.65439009999997
34.6867846 -118.15416320000003
33.475866976470584 -82.00704912941175
32.6098566 -85.48078250000002
30.07994050000001 -95.41716010000002
28.06263108235293 -82.7662780647059
-33.05046190000001 -71.61645150000001
60.16995388750001 24.93773011875001
50.11151180000001 8.6805059
45.19599000625 -93.4194191375
44.05817279999998 -121.31530960000003
43.685271000000014 -79.75992399999998
43.680856062500006 -72.2879520875
43.09617089999999 -88.40263154999998
42.76535431250001 -78.7826006875
42.14349603124999 -72.60673868125
42.115474425 -79.28636771250001
42.05981338125001 -70.95125738124999
41.64187098749999 -88.05172695
41.63459085 -72.63523403750001
41.25584533125 -75.88747089375
39.917770793749995 -82.79737071875002
39.2029928625 -84.40497539375002
38.04118206875 -122.15005326250001
37.2707022 -76.70745710000003
37.20464289999999 -80.41268920000002
36.82522770000001 -119.70291939999998
35.5280783 -108.74258430000003
34.935238425 -82.23490447499998
32.3199396 -106.76365379999999
9.95896848125 -84.10563285625
47.5279909 -121.82940924666666
43.87199999999999 -78.93911112666665
43.859367119999995 -79.45796779999999
43.5944677 -83.88886469999997
42.81564678 -70.88079374
42.790856980000015 -86.09689288666664
41.473094800000005 -87.0611412
41.455032166666676 -82.70979395333332
41.38668647333334 -73.68755599333332
41.28900009333333 -72.67700977333334
41.0359353 -71.95451460000001
40.51596751333332 -74.86343482666665
40.021996966666684 -74.82683838666668
39.4523385 -74.7276626
38.91634299999999 -94.38351600000003
38.79781249999999 -90.78021188000001
38.742251839999994 -89.96073142666665
38.291859 -122.45803559999996
34.5794343 -118.11646130000003
30.40816732666666 -86.52831985333334
29.7030024 -98.1244531
28.549001759999996 -81.76455994666665
27.503427619999993 -82.57431938
-12.047996933333335 -76.96307223999999
45.783285600000006 -108.50069040000001
45.68345999999998 -111.05049899999996
45.55388889999999 -94.17027779999998
45.4830341857143 -73.85592810000001
45.056500000000014 -92.822175
44.875518299999996 -91.91934219999999
44.65638900000001 -63.571746999999995
43.819152800000005 -91.2386289714286
43.0909539 -79.04775544999997
42.70891812142857 -83.41993865714286
42.241149899999996 -83.6129939
41.7266667 -93.60416669999998
41.49667446428572 -71.31186335000002
40.193376699999995 -85.38635990000002
39.5500507 -105.78206739999997
35.61336403571429 -77.37131536428569
35.11136034285716 -89.79798212142859
34.89579570000001 -117.01728260000003
33.605349999999994 -111.74111300000003
30.159580757142844 -95.48698364999998
30.14530822857143 -81.71005462857146
3.064449571428572 101.59939635714284
-6.950000000000002 107.40000000000002
49.27842340769231 -122.7858707230769
47.94453959999999 -122.30458150000003
47.76381362307692 -122.5563372615384
47.36585466923077 -122.09600429230765
47.0499507 -88.61481849999998
45.46368889999998 9.188140800000001
43.6242362 -72.51842750000002
43.08313010000001 -73.7845651
43.03201096153847 -76.02960003076925
42.357735376923074 -88.05798608461538
41.90005046153846 12.46451796153846
41.68895653846154 -70.23162283846155
41.64705556153846 -81.37594352307694
41.58425906153847 -81.46569412307691
41.486200876923085 -70.59774236153845
41.44173973076923 -71.4873863923077
41.20630919230769 -80.78733447692306
40.36755550769231 -75.3063424923077
39.481653699999995 -106.03835179999997
38.88248381538462 -90.13132593846156
38.59098964615385 -89.94995312307694
38.3410331076923 -75.0903547
36.1696079 -75.75518539999999
35.759573100000004 -79.0192997
35.03169556153847 -80.89889010769231
34.9248667 -81.0250784
33.68949707692307 -84.05876713846155
32.86863336923078 -109.77617064615384
32.60526754615386 -83.63879623846154
32.59896002307692 -96.89536536153847
31.95758180000001 -110.95564599999999
31.55183626923077 -110.28164576923076
29.8832749 -97.94139410000001
53.480626583333326 -2.2352573749999998
51.227060258333324 6.7685744749999985
47.208850625000004 -122.29130058333335
45.3735757 -92.88993759999998
44.163577499999995 -93.99939959999999
42.112507033333344 -83.74276791666666
42.10494747500001 -86.45707428333334
42.02335 -93.625622
41.577224233333325 -73.41572297500002
41.467183408333334 -88.2412207
41.42606337499999 -73.26728035833331
41.42451168333333 -82.03651025
41.4173683 -72.85715451666665
41.35000000000001 -79.7580556
40.88426700000001 -72.38952960000002
40.83741915000001 -81.39039130000002
40.71558663333334 -74.83224909999998
40.685949033333344 -80.29325889166667
39.619182083333335 -74.271628675
39.6136578 -86.10665259999998
39.1910983 -106.81753870000004
38.89656539999999 -121.07689009999997
38.241950966666664 -122.04015143333335
37.962115816666675 -91.82173935000003
37.27528 -107.88006670000003
35.02322669166667 -78.90490299166666
34.22574985000001 -84.46976182499999
34.21639370000001 -119.03760229999996
33.69013544166666 -78.88596293333335
32.42174833333332 -111.18931673333331
31.127373583333327 -97.76790279166669
14.463793341666667 121.03325859166667
-8.409517800000001 115.188916
59.91272629999999 10.746092399999997
50.85032159999999 4.351710163636363
50.08267994545456 14.417019263636366
49.199791454545455 -122.94080490909091
47.3833333 8.533333299999999
46.8716667 -96.895
44.800778072727276 -68.77632387272727
44.09807818181818 -70.22967558181817
43.77340981818181 -88.44728444545451
43.77295900000001 -79.257609
43.597807499999995 -84.76751390000003
43.38455918181819 -73.63518156363635
43.097217399999984 -89.5042876
43.07797828181817 -86.19875442727272
42.98993696363636 -70.89525739999998
42.5236111 -92.4463889
41.85805560000001 -73.8122222
41.512215918181816 -72.00774243636364
41.22039803636364 -73.66661941818181
41.15861110000001 -95.9341667
40.383319400000005 -111.77981163636365
40.298672399999994 -83.06796499999999
39.64417807272727 -75.61646752727272
39.56417 -119.48055999999998
38.77335882727273 -90.37569652727275
38.367456272727274 -75.58934595454545
37.095351545454555 -122.13249071818183
36.09373750909091 -79.44782318181818
35.75947691818182 -83.97076240909091
35.130960481818185 -120.62759538181818
35.00520867272726 135.7676582454545
34.18394428181818 -119.1819759090909
33.942465799999994 -117.22967169999998
33.75204142727273 -116.40892606363636
33.44733610000001 -84.14686159999998
33.26220998181819 -86.82322098181818
32.48236099999999 -96.9944489
32.38653119999999 -96.8483311
29.53344261818182 -95.10316925454545
28.17861110000001 -82.35055559999999
27.60409910909091 -80.35868683636365
22.28363903636364 114.16583352727274
19.528059690909092 -99.2356772909091
3.4205556000000006 -76.5222222
-6.5891660000000005 106.792999
48.206619999999994 16.382820000000006
47.742321800000006 -121.9856781
45.21420764 -93.63568865
45.08774368 -92.9599512
43.4956299 -79.91248332999999
43.4799291 -110.76242820000002
42.5847425 -87.8211854
42.17614087999999 -79.41421427999998
42.02325815 -73.90413414
41.74710476 -83.66199266000002
41.36571805 2.1481208500000006
41.0898132 -80.67029482
40.92620770000001 -75.09267620000001
40.87522294 -111.89177118
40.486427 -86.13360329999999
39.90421400000001 116.40741299999999
39.83092929999999 -77.23109550000001
39.78172130000001 -89.65014810000001
39.629526 -79.9558968
39.38992539999999 -3.2101371999999992
39.18428134 -74.6730489
39.041616700000006 -94.444341
38.8026097 -116.419389
38.71275829 -9.146458560000001
38.539556399999995 -75.05518059999999
38.44481119 -78.86428025999999
38.356577300000005 -121.98774440000003
38.3031837 -77.4605399
37.7396513 -121.42522269999998
37.3770935 -77.50498630000001
35.79542120000001 -78.52332075
35.686975200000006 -105.93779900000001
34.536106700000005 -117.29115649999997
33.415048500000005 -111.54957770000001
33.21175733 -87.56997908000002
32.51995420000001 -93.73232341000002
31.8456816 -102.3676431
29.969111600000012 -95.69716859999998
29.89426389999999 -81.31320830000001
28.975819710000007 -81.29695158999998
28.684195 -81.50645470000002
28.15790179 -82.46109417
27.745455120000003 -82.75215176
26.813978229999996 -80.11615407999999
19.0176147 72.85616440000001
-27.4663292 153.01480149999998
-42.8946543 147.32623059999995
63.0129276 21.6488084
51.426763288888885 -0.3037320666666667
49.88608299999999 -97.15292099999999
47.498405600000005 19.040757799999998
46.602071099999996 -120.50589870000002
44.322418 -93.97530400000002
44.23203538888888 -72.54279245555557
43.452878999999996 -79.70164799999999
43.3487 -79.7903
43.191734200000006 -71.55826798888889
43.04880102222223 -76.28375626666667
42.9169462 -89.2178937
42.87679703333333 -112.44781848888891
42.6418783 18.1064811
42.5005583 -90.66457179999999
42.32216293333334 -122.90605876666667
42.32115220000001 -85.17971419999999
41.6091667 -86.71749999999999
41.4925374 -99.90181310000001
41.192035100000005 -75.25129229999999
40.4172871 -82.907123
40.30917547777777 -76.64324743333333
40.28389937777777 -75.391658
39.8153877 -75.77012363333333
39.7576493 -74.23022539999998
39.746222800000005 -75.27032973333334
39.728494399999995 -121.83747770000001
39.427825299999995 -86.42832790000001
39.3692044 -84.32841304444443
38.8159473 -76.7496909
38.7627893 -93.73604980000002
38.35309071111111 -81.65169803333333
38.232417 -122.6366524
38.107419799999995 -122.56970320000002
37.72727270000001 -89.2167501
37.4635519 -122.4285862
37.3058839 -89.5181476
37.2709704 -79.9414266
37.0057816 -121.56827509999997
36.1156071 -97.0583681
35.8809084 -84.5085447
35.79027620000001 -83.54211056666665
35.52290412222222 -120.69032516666668
35.44737517777778 139.63376797777778
35.2494566 -112.19100309999999
35.233057699999996 -106.66436786666668
35.22256679999999 -97.4394777
35.1595182 -84.87661149999998
34.73172452222222 -82.24777056666667
34.66522993333333 -120.4462121222222
33.69730431111111 -117.12305636666666
33.448725700000004 -84.4549262
32.366805199999995 -86.29996889999998
32.299626055555564 -90.18703772222221
31.53967268888889 -97.15213263333335
30.593087 114.30535699999999
29.487055899999998 -101.1447493
28.612218699999996 -80.80755369999999
28.4829625 -82.55056658888888
28.03030343333333 -82.37953884444443
26.97101657777778 -82.08561386666665
23.634501 -102.55278399999999
23.4238221 85.4395723
20.75148151111111 -156.4552160333333
19.640555600000003 -155.9955556
19.28938974444445 -99.1461493111111
18.383287922222223 -65.9743707222222
1.3560446444444445 103.97634436666665
53.55381479999999 9.9915752
53.273796899999994 -9.0517799
48.13985828749999 11.576225412500001
47.9252568 -97.03285470000002
47.014444399999995 -94.9558333
44.88369999999999 -93.97089900000002
43.66662960000001 -92.9746367
43.387342 -80.32132299999999
42.479278400000005 -96.40429692500003
42.348627875 -73.29041935000001
42.194575799999996 -122.7094767
42.09944931250001 -76.80933106250001
42.008822962500005 -71.49706635
41.800652299999996 -73.12122140000001
41.753381899999994 -86.11083770000002
41.61853174999999 -88.445568175
41.158123775 -96.04084895000003
41.1383877 -81.86374740000001
40.9999449625 -75.99756437500001
40.9372034875 -72.6851404125
40.9258740125 -98.34401727500001
40.918848425 -72.78867702499998
40.80207120000001 -124.16367290000002
40.669129162500006 -80.021307925
40.6197184625 -80.43603783750001
40.55300585 -85.61655927499999
40.1053196 -85.68025409999998
40.02781160000001 -88.57339790000002
39.997692175 -104.81959069999999
39.64026380000001 -106.37419550000003
39.226851200000006 -120.08185870000001
39.1836082 -96.5716694
39.034472925 -84.21260933750001
39.011902 -98.48424650000001
38.4220694 -77.4083162
35.733187799999996 -81.3411974
33.9815369 -81.2362107
33.8160058 -78.68001600000001
33.3777903375 -84.59711695000001
32.8406946 -83.6324022
31.310094375000006 -110.93356327499998
31.0982344 -97.342782
30.396032399999996 -86.2288322
28.176609825 -82.72180185
26.649797000000003 -80.20421732500002
25.901747199999996 -97.4974838
25.091074999999996 121.55983449999998
-15.7801482 -47.929169800000004
-25.428356299999997 -49.27325150000001
64.83777780000001 -147.7163889
60.69027779999999 -151.2888889
58.30194440000001 -134.4197222
55.9501755 -3.1875359
54.441581 18.5600956
49.815273 6.129583000000001
47.9128756 -122.0981848
47.050000000000004 7.6166667000000015
46.8681765 -113.99837534285713
44.45829829999999 -93.161604
44.27949110000001 -73.9798713
44.173599599999996 -88.2598276
44.0805434 -103.2310149
43.9552825 -86.45258309999998
43.821223828571426 -88.01203932857143
43.69784270000001 -73.98596579999999
43.6521775 -94.46108319999999
43.5249088 5.4541444
43.089117285714295 -75.25623632857142
42.97607415714286 -81.24564771428571
42.95684894285715 -85.53370567142858
42.7678376 -78.6133589
42.41918352857143 -89.03379854285711
42.245869000000006 -84.40134620000002
42.114349971428574 -72.75279252857145
41.961287242857146 -72.57596127142857
41.95042231428572 -70.01863301428571
41.81720127142857 -72.12563215714286
41.8149373 -71.87063642857142
41.7475933 -74.0868095
41.63003214285715 -70.97345005714286
41.40480575714286 -82.18225597142859
41.38195888571429 -74.33360507142858
41.321754999999996 -75.3054585
41.30098340000001 -72.56879051428572
41.2619444 -95.86083329999998
41.24118970000001 -77.00107860000001
40.99406244285715 -75.18700565714286
40.70343165714286 -75.2311295
40.57275641428572 -79.94206998571428
40.396527999999996 -75.4971648
40.384983514285715 -105.07585328571427
39.82089250000001 -84.0193789
39.5379296 -76.11233205714286
39.246113799999996 -94.4191177
39.05733564285714 -74.7920706
39.00809965714285 -94.28101989999998
38.802694242857136 -77.62352322857143
38.7742826 -76.07633050000003
38.373962414285714 -81.81906464285713
38.19405307142858 -85.5982963142857
37.77399320000001 -84.28761504285715
37.5059814 -77.6491578
36.00558757142857 -78.48956342857142
35.6961111 51.423055600000005
35.18944299999999 -114.05300650000001
35.153491599999995 -114.56964758571429
35.042035999999996 -89.66452659999997
34.70587581428571 -76.73616302857144
34.448049499999996 -119.24288899999999
34.285558 -118.88204140000002
34.1355582 -116.05416890000002
33.836081 -81.16372450000001
33.675339042857146 -117.30404647142856
33.5967815 -83.86018270000001
32.7667955 -96.5991593
32.54208210000001 -97.32084920000001
32.3182314 -86.90229799999999
29.578609871428576 -95.76760878571429
29.54511047142857 -98.27076582857141
29.3013479 -94.79769580000001
28.1614046 -81.6017417
28.15434737142857 -81.4738540857143
28.0205733 -97.0544341
27.78522614285714 -82.40783157142857
26.44168444285714 -81.94231195714285
24.559588185714286 -81.78453760000001
19.898681900000003 -155.66585680000003
-0.4373359 117.24749599999998
-5.143662 119.42633899999998
-5.440358000000001 105.27566507142858
-6.970801514285715 110.4242283
-36.8484597 174.76333150000002
59.64249999999999 -151.5483333
56.81981700000001 -5.105218
52.38850099999999 4.633765466666666
52.080058 5.10513275
52.04352861666666 4.320273533333333
51.506478766666675 -0.36517726666666667
51.455040999999994 -0.9690884000000001
51.183477 -110.58426100000001
50.45001666666667 30.523344416666664
48.3654574 10.894768400000002
47.6776832 -116.78046640000001
46.808326799999996 -100.7837392
46.22541255000001 -119.11889975000001
46.205764499999994 6.141593
45.58237811666666 -73.739539
44.810237916666665 -91.48928088333334
44.73525 -92.85265
44.5282971 -93.90774379999999
44.335883599999995 -75.9177309
44.09545083333334 -69.13318963333334
44.05368049999999 -71.1284041
43.923852700000005 -91.24569660000002
43.8833333 -79.25
43.7166676 -80.14998440000001
43.3177794 -88.3789862
43.22695911666667 -86.25417908333333
43.1009037 -74.772927
43.078095733333335 -85.59569206666667
42.98510959999999 -77.42480618333336
42.9778317 -82.39275210000001
42.944695 -91.131478
42.92752769999999 -83.62995179999997
42.901170799999996 -78.3886312
42.6780726 -88.27620259999999
42.5159145 -73.6101159
42.31474359999999 -88.44870209999999
42.1845122 -70.74873066666667
42.11737273333333 -83.251689
41.9164343 -83.3977101
41.8317624 -73.2251145
41.604172250000005 -73.94948365
41.53134896666666 -72.52768156666666
41.474971399999994 -72.1144971
41.069073483333334 -74.54528898333332
41.04140218333333 -83.65450888333334
40.96452929999999 -76.88441009999998
40.5971513 -6.522774900000001
40.4249755 -79.67356296666667
40.4233142 -104.7091322
40.327569849999996 -79.3396192
40.05777988333333 -74.55290656666666
39.785043 -85.76942259999998
39.5522815 -84.2332718
39.55053759999999 -107.32477620000002
39.4623305 -76.27912359999999
39.449556 -75.7163207
39.3762145 -77.15470400000002
39.32098010000001 -111.0937311
38.95861686666667 -119.97198586666667
38.71345159999999 -77.7952712
38.5787965 -122.57970539999998
38.39797706666667 -75.20369415
37.1511655 -88.73199790000001
36.8524545 -121.40160209999999
36.7282054 -76.5835621
36.5297706 -87.3594528
36.3302284 -119.29205849999998
36.147563149999996 -115.2703062
36.024148800000006 -75.67230614999998
35.907757000000004 127.76692200000001
35.8422967 -90.704279
35.517491299999996 -86.5804473
34.0859829 -81.18315129999998
33.8915634 -112.14140705
33.88862890000001 35.4954794
33.857422766666666 -83.91907213333333
33.57038946666666 -84.57460648333333
33.56041679999999 -81.71955329999999
33.057669016666665 -97.48752228333332
33.03145080000001 -111.38734309999997
32.728747199999994 -94.9424379
32.4487364 -99.7331439
32.3512601 -95.30106239999999
32.33630449999999 -81.39149920000001
30.278173100000004 -93.7845348
30.224089700000004 -92.01984270000001
30.173257016666664 -85.65821499999998
30.080174 -94.1265562
29.713306 -91.46320300000001
29.70064425 -94.99840009999998
29.692548650000003 -95.18993486666666
28.2489016 -81.28118010000001
26.934224600000004 -80.09420870000001
26.339806 -81.77869720000001
21.40453703333333 -157.75935183333334
19.181726 72.960864
15.025745200000001 102.8382687
10.485335666666666 -66.89459683333334
4.5980555999999995 -74.0758333
1.4708889 124.8454608
-7.962814983333334 112.64312460000001
-26.0936111 28.006388899999994
-26.204330533333334 28.046138766666672
-30.027704099999998 -51.2287346
-37.701485999999996 144.87380880000003
59.939039 30.315784999999998
55.730427399999996 37.5050632
53.29596790000001 -2.7258206
52.25831989999999 -1.1604329
51.469641519999996 -2.58136484
51.041434439999996 3.68711112
49.46121052 11.044170600000001
49.25462332 -122.65021663999998
48.8718421 10.2463006
47.8054749 -92.2746054
47.6732281 -117.2393748
47.329264 -122.5801293
47.2371658 -93.5302142
46.595805600000006 -112.02703059999999
46.09938820000001 -91.8249053
45.94171342 -66.65343964000002
45.8455083 -91.5404467
44.9746896 -92.7568703
44.8839001 -84.30556870000001
44.84778 -85.79556
44.6 -79.41666670000001
44.5244276 -99.7392837
44.0682019 -114.74204080000001
44.051651320000005 -79.47608524
44.0153371 -73.16734
43.6274794 -89.7709579
43.240273079999994 -89.34490353999999
43.1833333 -79.2333333
43.15357279999999 -93.2010367
42.984831240000005 -89.52051043999998
42.88023543999999 -88.34781676
42.8336205 -88.7323272
42.79253064 -83.24466144000002
42.773976579999996 -85.50574110000002
42.7272032 -92.4668511
42.699744519999996 -73.88373466
42.631817379999994 -70.64532191999999
42.53675704 -71.76829430000001
42.4927641 -92.34296309999999
42.4799621 -83.67367602
42.158427 -72.3286928
41.9584367 -70.66725759999999
41.89085532 -88.45962972000001
41.812814120000006 -72.25140067999999
41.719961080000004 -71.1530064
41.61359370000001 -87.07019938
41.583982299999995 -73.8087442
41.50797738000001 -87.86488434
41.392272600000005 -84.1252243
41.365163300000006 -83.65121168000002
41.340482640000005 -74.150479
41.2938889 -92.6444444
41.28006252 -70.10620420000001
41.27303852 -74.33242990000001
41.08798844 -72.38602854
41.0725504 -75.3290998
40.845 9.498777699999998
40.6650178 -76.20930768
40.35038388 -75.0138356
40.250373020000005 -75.68029843999999
40.17737029999999 -76.72041338
40.12926696 -74.22333402000001
40.114955 -111.65492300000001
40.05887872 -80.74321468000002
40.0562519 4.1316308
40.039498200000004 -84.2032767
39.987325 -76.02050729999999
39.9403453 -82.01319240000001
39.84372162 -86.02312334000001
39.43533729999999 -84.2029922
39.327962 -120.1832533
39.2864787 -80.25619809999999
39.201440399999996 -85.9213796
38.8402805 -97.6114237
38.706666999999996 -122.903333
38.57670170000001 -92.17351640000001
38.345068 -85.61551700000001
38.334893140000005 -122.70432572000001
38.16964418 -92.62629598
38.1301968 -121.2724473
37.7742152 -87.1133304
37.4137536 -79.1422464
37.0952778 -113.5780556
37.02367589999999 -94.73550420000001
36.2087468 -79.9047583
36.095971500000005 -79.26696190000001
36.0525993 -95.7908195
35.6709727 -80.4742261
35.616349 -119.69429410000001
35.61061796 -105.22260912000002
35.385924200000005 -94.39854749999999
35.07086978 -80.68117982
34.915909899999996 -85.1091173
34.8662005 -92.1101458
34.7575227 -112.45378090000001
34.7391876 -112.00987909999999
34.685655499999996 -82.9532036
34.48938 -118.61329700000002
34.2472129 -83.8684009
34.1650972 -84.7999382
34.0351726 -77.8935966
33.7475203 -116.97196840000001
33.3618943 -84.79326805999999
33.0417111 -116.868082
33.01194862 -80.16248094
32.7481845 -96.4719312
32.5007037 -94.74048909999999
32.3909071 -110.96648799999998
31.967861100000004 -110.29451740000002
31.7607195 -93.0862749
31.2448234 -92.1450245
31.134667999999998 -97.00486
31.046051 34.851612
30.358250599999998 -90.0656311
30.1765914 -85.8054879
29.5427168 -90.33813609999999
29.0891857 -110.96132990000001
28.996264139999994 -80.90722032
27.208936519999998 -80.2482145
27.099777500000005 -82.4542632
26.562853699999998 -81.94953309999998
25.280282 51.522476
21.896520400000004 -159.47265994000003
19.729722199999998 -155.09
18.6427592 -68.3726813
18.473114980000002 -69.89980804
12.971598699999998 77.5945627
8.487495 76.948623
-31.94612626 115.85446870000001
-33.93013225357002 18.40582371158478
60.20535715 24.65498265
53.99694100000001 10.781845
53.72666829999999 -127.6476206
52.835975 -6.9245496
52.6347704 -1.1295191
52.134370000000004 -106.64765600000001
51.7592485 19.4559833
50.785996000000004 -0.675879
48.7499417 9.2219122
48.421215999999994 -122.33404740000002
48.2325095 -101.2962732
48.146773075 17.107273975000002
48.141000000000005 16.4771
48.015097999999995 -122.0637425
47.9013866 1.9039758999999998
47.497499 -101.3712709
47.248749 -121.68548159999999
47.1537669 -122.4834422
46.979536225000004 -123.87093155
46.6891307 -122.95915735000003
46.416481025 -117.02453220000001
46.0645809 -118.3430209
45.9931636 -123.9226385
45.738895 -79.469487
45.300117799999995 -122.97315649999999
44.9591352 -89.6301221
44.6697805 -74.9813084
44.5661111 -92.5369444
44.5588028 -72.5778415
44.5202794 -85.9439718
44.383576299999994 -89.8173465
44.31067865 -96.79419385
44.0886059 -87.657584
44.0661044 -87.8842583
43.8041334 -120.55420120000001
43.750828399999996 -87.71453000000001
43.74990305 -70.19062565
43.7241455 -97.388953
43.669088375 -70.46302395000001
43.6155825 -84.24721159999999
43.594696299999995 -96.5719896
43.53771585 -71.43854470000001
43.50084819999999 -70.43178675
43.4252776 -88.1834277
43.423283700000006 -61.4447461
43.406180600000006 -76.12575759999999
43.318761025 -70.59026564999999
43.306947925 -88.1735654
43.1947211 -88.72899179999999
43.1836046 -89.2137254
43.1770206 -73.0570488
43.1617174 -70.648238
43.0765843 -77.7680952
43.058627825 -85.9273945
43.054437699999994 -77.62458385
43.0434039 -74.8595957
42.904422499999995 -72.865265
42.8689552 -76.9777436
42.854947124999995 -71.631251625
42.794889399999995 -83.66633765
42.6989827 -82.7205637
42.553075299999996 -87.9334118
42.439006899999995 -123.3283925
42.040924700000005 -74.11819709999999
41.96393855 -71.3094706
41.944334524999995 -88.73446197499999
41.904438875000004 -74.070908675
41.8851886 -70.92010942499999
41.758995399999996 -70.4939163
41.597271199999994 -71.262573375
41.59217695 -73.20766375
41.557599599999996 -71.4689841
41.4759224 -75.1821189
41.4459271 -74.42293409999999
41.433439050000004 -87.3571886
41.421988899999995 -82.36460679999999
41.343168799999994 -70.74475009999999
41.1956174 -77.976111
41.195473625000005 -80.458055025
41.16948165 -74.82260360000001
41.127833 -81.609844
40.86898920000001 -72.5175893
40.808431925 -72.870589575
40.621455100000006 -79.1525349
40.587537100000006 -86.6750059
40.536991 -75.636116
40.3772059 -105.52166509999998
40.369305125 -80.40867615
40.3267407 -78.9219698
40.1798165 -76.17883909999999
40.1573169 -76.30690140000002
40.1528719 -76.6027455
40.0411536 -86.8744516
39.84031470000001 -88.9548001
39.800300775000004 -86.2588181
39.71367539999999 -82.59932940000002
39.675667 -75.9649448
39.607697275 -106.08000385
39.6067789 -75.8332718
39.548935 -89.294533
39.521437299999995 -85.7769238
39.5208818 -86.1677657
39.495224324999995 -74.578887875
39.491307875 -84.382858925
39.354504600000006 -84.1271568
39.341697925000005 -77.841661625
39.2739639 -81.57290290000002
39.2494686 -77.1821271
39.1856597 -78.16333409999999
39.0638705 -108.5506486
38.843712 -102.145798
38.6910138 -121.4485654
38.688052 -83.49193000000001
38.6862299 -76.534678
38.65877915 -76.88568710000001
38.496657299999995 -92.34372619999999
38.41924960000001 -82.445154
38.2421371 -121.5116197
38.079208275 -77.34141705
37.7840208 -79.4428157
37.677476899999995 -113.06189309999999
37.2232316 -81.4498717
36.961335600000005 -120.0607176
36.785554299999994 -108.68703219999999
36.7280583 -108.21868559999999
36.4796839 -121.7324476
36.2081098 -86.29110240000001
36.1631817 -81.87150190000001
36.010356099999996 -84.2696449
35.92513665 -79.99809525
35.76215024999999 -80.88750429999999
35.697355075 -81.219387675
35.6178951 -82.3212302
35.473745 -81.2545251
35.163490749999994 -79.4494778
35.154020625 -78.9867964
35.0875 -106.3772222
35.04222 -117.66667
34.9727305 -105.0323635
34.863971899999996 -84.324087
34.702338899999994 -82.4645714
34.693737799999994 135.50216509999998
34.6182199 -79.00864240000001
33.929460600000006 -116.977248
33.9117006 -84.8211197
33.580110299999994 -85.0766113
33.5756831 -83.18237890000002
33.5337464 -82.1306747
33.3942655 -104.52302420000001
33.38068105 -110.7619143
33.3408333 -118.32777779999999
33.3013164 -117.3473591
33.234283399999995 -97.5861393
33.0801429 -83.2320991
32.9312336 -96.45970890000001
32.8350521 -116.76641090000001
32.7359626 -96.2752569
32.6789476 -115.4988834
32.3546679 -89.3985283
31.96881945 -110.7504861
31.949381 35.932911
31.502340000000004 -106.15858670000001
31.344547100000003 -109.54534469999999
31.3112936 -92.4451371
30.630145199999998 -84.2278796
30.4785257 -90.0375755
30.399851275000003 -88.870932275
30.367419800000004 -89.0928155
30.294368100000003 -87.5735935
30.246036100000005 -87.70081929999999
29.5635666 -95.2860474
29.32168425 48.0176543
29.187198600000002 -82.14009229999999
28.635308000000002 77.22496
28.241472700000003 -82.1799754
28.028000025 -82.65868565000001
28.018632300000004 -82.1128641
27.506407 -99.5075421
27.2758333 -80.355
26.438136 -81.8067523
26.161603300000003 -97.66360159999999
25.0763098 -80.44362317500001
23.031897 113.13060949999999
21.543448425 39.1729363
20.8783333 -156.6825
20.7983626 -156.3319253
18.337513625 -64.8946547
15.870032 100.992541
10.767548949999998 106.68110175
9.9778439 -84.82942109999999
8.537981 -80.782127
4.570868 -74.297333
0.5333333 101.45
-8.558458 125.578151
-14.235004 -51.92528
-22.558904000000002 17.082481
-22.906364800000002 -47.0615741
-23.6041266 -46.92430039999999
-41.209165500000005 174.90805569999998
64.7511111 -147.3494444
59.3207622 18.060284366666668
56.00125119999999 92.88558959999999
55.704660100000005 13.1910073
55.34222220000001 -131.6461111
53.392630000000004 -2.5869888
52.132633 5.291266
51.964711 7.628496000000001
51.752279200000004 -1.2558837999999999
51.4579352 7.0148281
51.253775 -85.32321390000001
50.99284179999999 5.9969493
50.503887 4.469936
50.179683000000004 8.508596
49.672886 -124.92833300000001
49.214439 -2.13125
49.01806 -123.08171899999998
48.939050900000005 -119.43562109999999
48.84991979999999 2.6370411
48.801408 2.130122
48.29315590000001 -122.64322450000002
47.585942700000004 1.3300966
47.533229 19.189808
47.4038683 -97.0620308
47.1953976 -120.939249
47.169819700000005 -122.6026274
46.88016539999999 -117.36434950000002
46.2509653 -119.90170490000001
46.18770700000001 -74.609936
46.184588999999995 -62.533628
45.66187979999999 -110.5624285
45.6525 -95.46138890000002
45.37720099999999 -94.725952
45.32624336666667 -93.76241926666667
45.273216 -66.064813
44.8078657 10.3295478
44.713296899999996 -93.42272740000003
44.5645659 -123.2620435
44.441666700000006 -92.27166670000001
44.388380299999994 -73.8154203
44.3875794 -68.2039016
44.3148443 -85.60236429999999
44.2444473 -86.324253
44.20427900000001 -77.378742
43.9925666 -72.1289793
43.95931199999999 -78.167776
43.91887616666667 -69.9688465
43.860279999999996 -88.28139
43.8106511 -70.4181198
43.7161803 -75.4165699
43.70942829999999 -98.02979920000001
43.6980782 -85.4836557
43.6807402 -114.3636619
43.677567700000004 -72.77982469999999
43.662938399999994 -116.6873596
43.648568299999994 -93.3624319
43.6106237 -72.9726065
43.551876 10.3080108
43.459513799999996 -76.2288176
43.4384107 -1.5922216
43.419469899999996 -83.9508068
43.32284620000001 -76.4171585
43.3207365 -1.9844209
43.23785189999999 -73.4915018
43.224119333333334 -76.30143446666666
43.13812470000001 -75.5707345
43.01255836666667 -78.63530916666666
42.93768513333334 -89.41298993333334
42.90229906666667 -73.70382236666667
42.874231400000006 -77.2880382
42.864409766666675 -106.29817286666668
42.6112014 -71.574512
42.607255200000004 -83.9293952
42.59966553333334 -84.4674745
42.573234033333335 -72.60157083333333
42.4639722 -73.39649770000001
42.45795496666666 -73.21899286666667
42.4528571 -75.06377459999999
42.195922499999995 -73.3620564
42.0416667 -92.91444440000002
42.0039331 -83.9449417
41.8550479 -84.3538359
41.839104433333326 -72.84524876666666
41.7354861 -111.83438799999999
41.7244885 -81.245657
41.6820563 -69.9597376
41.6819935 -85.9766671
41.649303 -70.482185
41.579074 -81.20853100000001
41.55361226666667 -74.21922260000001
41.513611 -73.606667
41.4734268 -74.5384933
41.322316 -74.8023882
41.1573256 -87.8726067
41.14879986666667 -74.60738323333334
41.0606423 -75.5910219
41.040555600000005 -96.3725
41.0256101 -81.72985190000001
41.00619393333333 -80.37760266666668
40.9175 -74.93111
40.8611755 -79.89533279999999
40.79281486666667 -89.56991003333333
40.7472566 -88.51477890000001
40.6917043 -89.7951061
40.621488 -96.631485
40.6178357 -122.38473090000001
40.6118249 -79.59504526666667
40.4433847 -83.8049353
40.3697905 -80.63396379999999
40.3245138 -79.7011549
40.3059999 -121.00579309999999
40.271482 22.508662
40.2683344 -94.02828609999999
40.205627 -80.55673840000001
40.1447732 -84.2424449
40.101697900000005 -104.95802166666665
39.9798943 32.762746500000006
39.97501306666667 -75.85568793333333
39.9672565 -74.32205866666668
39.9242266 -83.8088171
39.881451899999995 -83.09296440000001
39.8097343 -98.5556199
39.7577778 -94.83638890000002
39.7418124 -83.570964
39.71438366666666 -86.81867349999999
39.6372802 -84.3142016
39.604825299999995 -76.84997740000001
39.506997399999996 -84.745231
39.4862267 -75.02573129999999
39.4562099 -77.9638869
39.39022549999999 -81.43836316666666
39.3262153 -75.18955759999999
39.3111112 -94.9224637
39.263876200000006 -103.69217370000001
39.19629929999999 -120.23544650000001
39.0834398 -78.2180567
39.059726 -94.8835754
38.9351125 -74.90600529999999
38.6785157 -121.7732971
38.674440833333335 -121.01883186666664
38.6183445 -94.5052305
38.4731815 -77.9966639
38.4345321 -82.1323637
38.4075666 -85.3788468
38.3500016 -104.72275459999999
38.3358857 -90.14983409999998
38.2546373 -121.29994850000001
38.2544472 -104.60914090000001
38.2359698 -77.18684416666666
38.2097967 -84.55883109999999
38.197743 -77.588167
38.1383437 -97.43142670000002
37.98754706666667 -120.2387617
37.762298 -84.84328520000001
37.348882700000004 -108.58592649999999
37.3021632 -120.48296770000002
37.26945 -107.00976170000001
37.237162 -115.8099747
37.1694632 -104.5005407
37.02838643333333 -93.23546186666665
36.990319899999996 -86.4436018
36.9289502 -93.9277071
36.9147222 -111.45583329999998
36.8588376 -120.45600719999999
36.727776899999995 -110.25457669999999
36.7211565 -78.91038050000002
36.589632200000004 -80.9650023
36.581708899999995 -86.51638329999999
36.4657213 -6.196625900000001
36.4242303 -89.05700959999997
36.31088453333333 -86.6511072
36.310759999999995 -86.86593599999999
36.3007835 -119.7829107
36.2946008 -76.2510461
36.119858799999996 -80.07365329999999
36.0317472 -84.0279677
35.751179 -86.9300023
35.7454071 -81.6848188
35.650711 -78.45639140000002
35.6224561 -117.6708966
35.6145169 -88.8139469
35.613918 -87.843148
35.60782179999999 140.11240596666667
35.46341629999999 -89.9100859
35.45376923333334 -97.11549113333332
35.414373833333336 -82.55002933333334
35.2923513 -81.5356463
35.262082 -81.1873005
35.253169799999995 -82.1970584
35.1146152 -75.9810097
35.0525909 -83.19681729999999
35.007751899999995 -97.092877
34.9979453 -78.32333249999999
34.7732102 -80.39173149999999
34.7698021 -84.9702228
34.7014839 -83.73156750000001
34.69683393333333 -86.74446986666668
34.683438200000005 -82.83736540000001
34.6257267 -120.14838953333333
34.5034394 -82.6501332
34.4726276 -81.8806562
34.4271121 -77.5460805
34.4212052 -84.1190804
34.3988838 -119.5184564
34.243896299999996 -116.9114215
34.2006503 -86.1663655
34.144819299999995 -84.93299859999999
33.9245425 -86.0224718
33.922886 -116.84668683333332
33.9135061 -78.3038892
33.7825194 -117.22864779999999
33.759271000000005 -96.6694402
33.60853856666666 -114.54654626666667
33.4504157 -82.19817640000001
33.4503998 -88.8183872
33.376834 -79.2944964
33.3631705 -97.1739027
33.331493 -87.014076
33.293945 -111.09623049999999
33.246780699999995 -84.26409040000001
33.2183701 -117.0341967
33.1384488 -96.1108066
32.792 -115.56305139999999
32.5964404 -114.709677
32.448787599999996 -81.78316740000001
32.3643098 -88.70365600000001
32.2686981 -107.7586404
32.1574351 -82.907123
31.969749866666664 -81.29359796666667
31.4229124 -103.4932293
31.327118900000002 -89.2903392
31.112841999999997 121.381672
30.8829628 -87.77304740000001
30.711028999999996 -94.93298979999999
30.5993603 -87.1610807
30.578244599999994 -98.27280030000001
30.549823099999998 -87.90341896666666
30.504358299999996 -90.4611995
30.389609000000004 -87.06653850000002
30.167800333333332 -98.06806623333334
30.097162100000006 -95.61605490000001
30.088236933333334 31.381200300000003
30.0852135 -97.8402827
30.064742 31.249509000000003
29.80632273333333 -85.29510073333334
29.5957696 -90.7195348
29.518100399999998 -94.98001913333333
29.383844999999997 -94.90270019999998
29.225517 -98.6877993
29.2096836 -99.7861679
28.810823 -81.8778582
28.8052674 -97.00359820000001
28.0222435 -81.7328567
27.909467699999997 -97.1499898
27.9014133 -81.5859099
26.301737399999997 -98.1633432
26.2847989 50.12514603333333
25.4687224 -80.4775569
24.150187399999997 120.6429991
23.1168 -82.38855699999999
22.890532699999998 -109.91673710000002
22.308393399999996 113.923907
22.1564699 -100.9855409
21.766160800000005 -72.30743259999998
20.9141667 -100.74416670000001
20.6220182 -105.2284566
19.4968732 -99.72326729999999
18.9340199 -99.23148259999999
18.4274454 -67.1540698
18.3368114 -64.7280952
12.879720999999998 121.774017
8.476488900000001 123.3373916
4.210483999999999 101.97576600000001
2.3100330000000002 111.84004120000002
-0.9537299999999999 100.351997
-2.224497433333333 -79.8957787
-3.4666666999999998 114.75
-7.161780499999999 112.6514245
-7.459678999999999 112.74198700000001
-7.575742633333334 112.2502319
-8.4973881 115.26584240000001
-8.569633066666668 115.15802573333333
-23.4634523 -46.533450200000004
-27.596903899999997 -48.5494544
-28.067365500000005 153.34310666666667
-33.714954600000006 150.3114074
-34.53676863333334 -58.527552299999996
-34.91436913333333 138.6029596
-37.201728499999994 -59.84106970000001
-43.5320544 172.63622539999997
67.6314789 33.7293684
61.721388899999994 -143.98611100000002
61.1308333 -146.3483333
60.6234618 26.559222100000003
56.17040260000001 14.863007199999998
55.604981 13.003822
55.56668199999999 12.249315
54.9702159 -2.0979187
54.780395 9.435707
54.713382200000005 -6.216760900000001
53.79963879999999 -1.5491221000000002
53.0265029 -2.1766360000000002
52.8051429 -2.1163466
52.48296139999999 -1.8935919999999997
51.924215999999994 4.481776
51.8977948 -2.0734586999999998
51.6664235 -0.7286419000000001
51.522751 -0.720209
51.48130689999999 -3.1804978999999998
51.252171000000004 5.7045699999999995
51.23833855 6.6593311
51.0629403 -1.3165037
50.8529185 4.496433
50.819522 -0.13642
50.79891370000001 -1.0911627
50.116168 -122.959423
49.9951227 8.267426400000002
49.913728799999994 14.2344076
49.8724245 8.650857400000001
49.465691 -2.5852779999999997
49.098755 -122.65459399999999
49.0568 -122.285045
48.8464991 -122.59100559999999
48.7246217 2.2531597000000003
48.5342662 -123.01712420000001
48.2412107 -122.37071029999998
48.1469683 -103.6179745
48.0400945 -122.40625700000001
47.85537720000001 -121.97095790000002
47.8195229 6.415573999999999
47.7843 9.609931
47.5962326 -120.66147649999999
47.5002354 -111.30080829999999
47.4234599 -120.31034939999999
47.258711 7.576358
47.20426810000001 -121.9915003
47.045621999999995 8.3086621
46.973698600000006 -124.1562852
46.950010299999995 -67.88339920000001
46.820237299999995 -94.51638759999999
46.817180799999996 -95.8453253
46.5198333 6.6335
46.5180824 -123.82645120000001
46.4368869 -86.7015468
46.35722 -94.19444
46.247847 -63.12021
46.231018 15.260293599999999
46.1381676 -122.9381672
46.051426299999996 14.5059655
46.0166667 7.75
45.8713419 -89.7109806
45.868623799999995 -84.7278281
45.7809491 -122.5334307
45.751059999999995 -94.223343
45.737465 -94.95252159999998
45.665 -123.1625
45.601388899999996 -107.4597222
45.594564500000004 -121.17868229999999
45.5648612 -117.91743400000001
45.4609359 -123.96790790000001
45.4343363 12.3387844
45.291468 -94.215855
45.22580785 -92.78946145
45.2101162 -123.1987163
45.143731 -122.85537250000002
45.127778 -87.246944
45.099984899999995 -87.6306623
45.0787251 -123.48594170000001
45.070562100000004 7.6866186
44.9635738 -93.847189
44.9479697 -62.1194571
44.9369054 -91.3929348
44.9166667 -79.3666667
44.8872124 -87.8645473
44.8613563 -92.6238082
44.822190899999995 -89.59039890000001
44.74865 -79.883781
44.712194 -93.63390799999999
44.662149299999996 -111.1041092
44.6397701 -73.1104112
44.627750899999995 -89.30872559999999
44.5975185 10.6917222
44.566666999999995 -80.93333299999999
44.543296600000005 -93.5760652
44.5235792 -89.574563
44.4336111 -72.015
44.3812 -79.686998
44.376651 -103.7296415
44.3477717 -87.8273152
44.309478999999996 -94.467789
44.2098011 -69.0647593
44.1900592 -72.8248379
44.0781246 -71.2828507
44.0456225 -71.6700809
44.0060847 -97.1139496
43.9826214 -124.0998409
43.9695148 -99.9018131
43.9152778 -80.10861109999999
43.84867070000001 -73.42345309999999
43.784960999999996 -90.888397
43.7547966 -71.3967392
43.7034273 7.2662656000000005
43.657574700000005 -71.500352
43.653775550000006 -116.37276345000001
43.539102 -80.24762199999999
43.5069058 16.4424496
43.408741 -84.607407
43.331691 -83.7380194
43.304526 -70.9756186
43.2976116 5.381042099999999
43.2400574 -78.57613990000002
43.2208968 -77.2830421
43.1683286 -89.0667775
43.1480815 -83.71454285
43.1363889 -93.38
43.0699663 -94.233019
43.046730100000005 -77.0952516
43.012527399999996 -83.6874562
43.008608 -89.7384562
42.93006679999999 -75.8526915
42.928698 -71.1870053
42.8352835 -89.0676125
42.82954085 -77.6868289
42.809196899999996 -82.7557554
42.8063398 -71.08603005
42.6827885 -89.01872220000001
42.6550248 -86.2019825
42.629202899999996 -84.738874
42.60118129999999 -76.1804843
42.5916836 -88.4334301
42.5629668 -114.46087109999999
42.5608999 -77.696106
42.5159914 -88.10327914999999
42.4861111 -91.4572222
42.4433716 -85.0180464
42.433753 -92.924421
42.422241 -88.61371009999999
42.42166664999999 -71.68236025
42.4166744 -90.4290168
42.41341679999999 -73.6731749
42.386444 -72.3333206
42.3383697 -83.8885552
42.2966861 -89.6212271
42.2510645 -72.11202165
42.209483899999995 -85.784453
42.108428 -72.0786871
42.0580516 -71.6033637
42.02964 -97.41686999999999
42.018188 -93.454872
42.01541575 -89.3317494
41.9797222 -92.57708335000001
41.9572676 -83.65965959999998
41.924208 -71.0799102
41.895093 15.958209
41.855277799999996 -93.9230556
41.795274600000006 -70.36834250000001
41.7748155 -74.2982059
41.7719991 -80.85453309999998
41.771376399999994 -93.7129997
41.7412166 -70.5989196
41.7000996 -71.6828443
41.6674922 -70.07571620000002
41.6111111 -96.54722220000001
41.606837799999994 -93.5067005
41.51084 -0.6375385
41.475546 -93.6788304
41.471863799999994 2.0821392
41.4119963 -83.8643852
41.4047222 -99.64138890000001
41.3580484 -93.5574376
41.2984972 -72.33218745
41.2939386 -82.21737859999999
41.262622799999995 -69.9661245
41.2611099 -96.13196490000001
41.2600557 -81.1864892
41.2425531 -82.61573309999999
41.241144899999995 -87.64614909999999
41.2381 -85.85304690000001
41.1980556 -87.1991667
41.152320200000005 -72.251191
41.12744345 -76.87037989999999
41.08917 -122.70778
41.0180701 -92.4154631
40.972958399999996 -117.73568490000001
40.9478158 -90.3712395
40.925554999999996 -96.2800116
40.9155025 14.268148499999999
40.9133943 -77.7783348
40.866516600000004 -124.0828396
40.831709000000004 -75.65470264999999
40.826752600000006 -76.55565135
40.821305599999995 -81.72971395
40.794509600000005 -80.1367271
40.7750065 -99.74067120000001
40.6917271 -81.18121479999999
40.650061 -81.4520613
40.629763399999995 -91.31453499999999
40.627773 -75.852897
40.5886699 -83.12852420000002
40.528954799999994 -79.4614306
40.5173165 -75.7774177
40.5143523 -84.5992624
40.4849769 -106.83171580000001
40.472833200000004 -3.8723044
40.47222 -78.83361
40.4710434 -78.5716832
40.4592076 -90.67179709999999
40.4437018 -76.42829329999999
40.434489500000005 -84.9777455
40.3845075 -82.44141095
40.376321999999995 116.842992
40.3147554 -88.3500541
40.262570200000006 -80.1872797
40.219237400000004 -79.6094849
40.2025 -77.195
40.155 -75.89027800000001
40.1483768 -89.3648183
40.121154499999996 -85.5580301
40.1083912 -83.7524298
40.0921678 -112.43356419999999
40.073856 -76.44489354999999
40.0506453 -77.5202647
39.920770000000005 32.85411
39.92017885 -85.8853973
39.8289369 -84.8902382
39.765869 64.422348
39.7606013 -86.5263879
39.744544 -77.0880385
39.7195054 -83.26519259999999
39.7102336 -111.8363216
39.68478220000001 -83.9296526
39.6469295 -106.95171090000002
39.641762899999996 -77.7199932
39.5498289 -76.3994061
39.5341789 2.8577105
39.4961458 -88.1761521
39.481215 -76.85942225
39.413264850000004 -82.2487604
39.3292396 -82.1012554
39.321327000000004 -78.293724
39.251296200000006 -119.97296740000002
39.233627 -84.159592
39.1697626 -91.8829484
39.1637984 -119.76740339999999
39.158167999999996 -75.5243682
39.121078999999995 117.21438899999998
39.1098153 -80.4067566
39.0916586 -104.872758
39.0750614 -84.3449387
39.0520169 -82.6365536
38.9675463 -89.7639827
38.9108325 -75.5276699
38.8791783 -99.3267702
38.80695285 -94.4923138
38.8026161 -76.5369022
38.7296252 -120.798546
38.7289006 -82.5402275
38.7217837 -76.6605187
38.677269 -87.5286325
38.6617205 -86.4516557
38.589286200000004 -77.33387199999999
38.5631744 -76.0788292
38.38852635000001 -90.38553594999999
38.3325812 -82.94850229999999
38.3102014 -76.4452539
38.2076331 -78.2180594
38.15575020000001 -121.6913439
38.149576 -79.0716958
38.11021855 -120.50084805
38.0102015 -120.39172210000001
37.9805686 -101.7526718
37.97918 23.716647000000002
37.9444882 -87.4052865
37.933178999999996 -75.37880859999999
37.8609747 -78.2633373
37.8196499 -120.6721494
37.816239 -79.8244947
37.810065949999995 -121.2463313
37.7431715 -81.12287509999999
37.7030646 -85.8649408
37.4912195 127.4875607
37.4800544 -86.2938637
37.3281005 -87.4988882
37.293468100000005 -80.05476259999999
37.2255593 -107.5981123
37.1675652 -95.1099645
37.1289771 -84.08326459999999
37.0582786 -120.84991509999999
37.0330607 -88.71089640000001
36.96421345 -76.5952116
36.910231 -121.7568946
36.7595938 -77.385253
36.74944 -120.63806000000001
36.596494799999995 -82.1884666
36.5963395 -119.45040290000001
36.5959999 -105.4545
36.548434 -82.5618186
36.4703232 -86.65138449999999
36.4275477 -86.80471990000001
36.381111 -75.833333
36.3504119 127.38454750000001
36.3295905 -78.3991638
36.3274502 -119.64568440000001
36.3134397 -82.35347270000001
36.2775665 -85.10495970000001
36.204824 138.252924
36.162839 -85.5016423
36.119485 128.34457340000003
35.938210299999994 -77.7905339
35.86166 104.195397
35.8240265 -80.2533838
35.802653899999996 -78.34222059999999
35.7079146 -79.8136446
35.6177945 -78.8168173
35.53111 -81.03
35.5225125 -109.85733799999998
35.483406 -86.4602717
35.478129200000005 -84.56909974999999
35.4495065 -97.39670190000001
35.4389836 -77.30946740000002
35.384226 -97.72448670000001
35.3658075 -120.8499013
35.363875449999995 -99.4774175
35.3584743 -79.8944901
35.339507899999994 -97.48670279999999
35.334010799999994 -81.86510279999999
35.278417299999994 -93.1337856
35.2705559 -81.02660254999999
35.2649814 -116.0744571
35.2423023 -87.3347389
35.204532799999996 -89.8739753
35.17955429999999 129.07564159999998
35.170694 136.881637
35.108493 -77.04411429999999
35.049519000000004 -85.04300515
34.957032399999996 -92.4273785
34.949567200000004 -81.93204820000001
34.879049200000004 -76.9013301
34.8227556 -118.94482190000001
34.787890999999995 -82.69235909999999
34.7540524 -77.43024140000001
34.7275844 -84.50881779999999
34.5008311 -117.18587590000001
34.4434282 -86.93528420000001
34.4263886 -117.3008784
34.4047987 -103.2052272
34.399463 -110.52688400000001
34.362314899999994 -92.8129462
34.318149700000006 -86.49582190000001
34.274583299999996 -81.6187178
34.2352847 -117.17920729999999
34.2308684 -111.3251355
34.142323499999996 -87.98864379999999
34.1092735 -83.7626729
34.033625 -117.0430865
34.01849 -85.25346400000001
33.9686412 -112.72962199999999
33.855016649999996 -116.37139920000001
33.7764231 -112.52850459999999
33.6639137 -114.2299486
33.6609389 -95.555513
33.5510021 -79.0414261
33.4914122 -86.9824288
33.488167100000005 -97.1650128
33.345949499999996 -84.109083
33.3401108 -86.6302625
33.1960027 -80.0131374
33.0932748 -115.094045
32.9786566 -115.530267
32.977839 -111.517624
32.974846899999996 -97.3477957
32.87167 -96.14833
32.7972176 -113.5410267
32.7386713 -115.99418
32.673188 -97.46057590000001
32.6551798 -79.94036729999999
32.5631924 -97.1416768
32.470951899999996 -100.40593840000001
32.4640245 -86.45969659999999
32.4284761 -90.13230870000001
32.3526456 -90.877882
32.2371465 -80.8603868
32.1095975 -90.62343229999999
31.965723200000003 -94.0538028
31.958609999999997 -83.98861
31.8198 34.6696
31.7857 35.2007
31.61259 -111.04592379999998
31.4637723 -100.4370375
31.450462899999994 -83.5084973
31.444055699999996 -97.4091792
31.297703000000002 -82.8523668
31.2135 29.9443
31.15036 -81.394341
31.104619 -91.29955509999999
30.8327022 -83.2784851
30.723526300000003 -95.55077709999999
30.182715899999998 -96.936371
30.099647100000002 -91.99012059999998
30.068851199999997 -81.8603778
29.795763300000004 -90.82287099999999
29.584973600000005 -81.2078411
29.560089 -81.65907299999999
29.4627365 -95.35799399999999
29.379111199999997 -90.2600786
29.351944 -95.46
29.186896100000002 -89.9367373
28.80332485 -81.68507549999998
28.668325199999998 -97.3883265
28.6352778 -106.0888889
28.0225206 -81.6192432
27.6947732 -80.54384499999999
27.501129249999998 -82.71657780000001
27.446705600000005 -80.3256056
27.0672755 -81.3567397
26.9620053 -82.35259520000001
26.9102778 -101.42222220000001
26.820553000000004 30.802497999999996
26.4186898 -81.4172993
26.22389845 50.57696155
25.679783800000003 -100.41682990000001
24.9242995 -80.62784040000001
24.5362638 67.9642863
23.35 85.33
22.572646 88.363895
22.0964396 -159.52612380000002
22.0783333 -159.3219444
21.8817964 -102.29127009999999
21.680277800000002 -157.9511111
21.548088 -157.84816
21.4273779 39.8148383
20.865035100000004 -105.43908619999999
20.62806415 -87.0790162
20.018121100000002 100.48741650000001
19.9426646 99.3596777
19.2433333 -103.7247222
19.1817393 -88.47913759999999
18.971187 -72.28521500000001
18.716666699999998 -68.45
18.4771169 -66.6652785
18.2341217 -66.0484989
18.2013889 -67.14277779999999
18.1474625 -65.4448811
18.025091800000002 -76.8097525
17.7 83.25
17.189877 -88.49765
15.6224063 103.4903915
14.598298150000002 -90.53137039999999
14.034219100000001 100.6418583
13.921426949999999 100.4200963
13.757211100000001 121.0581111
13.66293605 100.752791
12.976666699999999 100.9133333
10.1786746 -61.2801996
8.994269000000001 -79.518792
3.3546795 117.59654029999999
2.7185919999999997 101.9489879
2.1153547 99.5450974
1.6406296000000002 116.419389
-0.229498 -78.524277
-0.2787808 111.47528510000001
-2.9911083 104.7567333
-3.1071923 -60.0261267
-4.3333330000000005 137.0
-6.0169825 106.04050600000001
-6.3044809 107.3156139
-6.4058171999999995 106.0640179
-6.7166667 108.56666670000001
-7.090911 107.66888700000001
-8.073417 111.9072743
-20.3221861 -40.3380886
-22.015354300000002 -47.891112
-22.5645406 -47.4004093
-23.0733508 -47.975783
-23.655333849999998 -46.56707305
-27.7866521 153.25221200000001
-29.556590999999997 30.411405
-31.2532183 146.921099
-32.8970039 151.7005582
-33.952262899999994 151.0321372
-33.9725887 -53.548784899999994
-34.00190615 151.12806905000002
-34.076939 18.83782
64.03777779999999 -145.7322222
63.912632099999996 -22.191647399999997
61.59972220000001 -149.1127778
61.4979781 23.7649307
61.321388899999995 -149.56777769999997
60.716666700000005 -135.05
60.07623829999999 30.121382899999997
59.7579132 18.705146499999998
59.44268960000001 24.7531972
59.40558879999999 17.8716682
59.273755 15.2075395
58.97005260000001 5.733338
58.3708465 26.7147224
58.3636559 11.2302535
57.6969034 11.606362599999999
56.9465363 24.1048503
56.837814 60.596842
56.33891139999999 -2.7989252999999996
56.329917 44.009192
56.13855699999999 8.967322
56.130366 -106.34677099999999
56.08805400000001 8.257633
55.911808900000004 -4.7359063
55.8656274 -4.2572227
55.412552399999996 12.8434767
55.378051 -3.435973
55.033333299999995 82.91666670000001
54.891456000000005 10.404684
54.5972686 -5.930108799999999
54.582373700000005 10.021284199999998
54.52596139999999 15.2551187
54.52596139999999 -105.2551187
53.9332706 -116.57650349999999
53.7608608 -98.81387629999999
53.7577292 -2.7034403
53.712759 -113.213196
53.62894 21.81237
53.583772100000004 9.6986642
53.4538756 -2.7368942
53.325545299999995 6.000146099999999
53.276135 -110.00048100000001
53.227808499999995 -4.1340487999999995
53.136981999999996 23.1772765
53.103164 -2.4198419999999996
52.9551147 -1.1491718
52.939915899999995 -73.5491361
52.939915899999995 -106.4508639
52.9218993 -1.475642
52.787746999999996 4.797934
52.6638571 -8.626772599999999
52.63545 1.3431
52.585727799999994 -2.1292507
52.39418870000001 13.072691
52.3116551 6.9268282999999995
52.2738177 5.1643425
52.2644 4.6347
52.25678679999999 -7.129204400000001
52.2296756 21.012228699999998
52.2224835 5.4835625
52.2025441 0.1312368
52.156651000000004 5.388438
52.143350500000004 -10.2686507
52.1191648 -115.66052579999999
52.038601 -0.7570720000000001
51.974932 4.9744262
51.9226067 4.254565599999999
51.890125 6.040252
51.8157917 -0.8166621000000001
51.751529999999995 -0.333892
51.6204415 -3.9466286
51.587740600000004 -2.9983431
51.5741517 0.18387079999999997
51.5601908 5.0818877
51.5072638 -3.5810425
51.493455700000005 0.3529197
51.4351458 6.7626911
51.4307509 -0.5481531999999999
51.386522 0.5443375
51.295 8.608056
51.2940006 -0.754624
51.287805999999996 -114.009612
51.2407352 4.5834231
51.232910100000005 -0.3297445
51.209317600000006 -1.4783522
51.153139 14.975297
51.115027500000004 6.670907400000001
51.1133388 -0.1829137
51.1078852 17.0385376
51.077944 4.425129
51.063137899999994 -115.16420159999998
51.0146532 -3.1034462000000005
50.969120000000004 5.822895
50.940664500000004 6.9599115000000005
50.7805 5.459418
50.75812 3.3128900000000003
50.7327045 7.0963113
50.7218 -3.533617
50.7216814 -1.8785266
50.7194116 -1.9811296000000003
50.6761111 -120.34083329999999
50.66547 4.56684
50.6371834 3.0630174
50.4547222 -104.6066667
50.041554 -110.67760700000001
50.02652 -100.23490100000001
49.879913 -119.449625
49.794256 9.927489
49.731705 -114.887624
49.6833333 5.8
49.636860399999996 5.3472615
49.4018997 8.680285000000001
49.318732000000004 -124.315028
49.2348506 6.994401600000001
49.19233870000001 -0.37964440000000005
49.146113 -121.94109499999999
48.929486 -123.73666000000001
48.90543579999999 2.0394993
48.87948660000001 2.7648167000000003
48.8787167 -121.97186570000001
48.81554860000001 -3.4370233999999997
48.7904472 11.497889500000001
48.758146999999994 -123.237994
48.7405216 7.8031336
48.5829331 7.7437488
48.5449971 -117.9009544
48.449715999999995 -123.504496
48.376155 -123.737893
48.3634784 -120.122303
48.31724129999999 -102.3904515
48.306940000000004 14.285829999999999
48.2765903 -116.5532476
48.2472982 -112.80802720000001
48.1999479 11.9458351
48.118146 -123.4307413
48.108077 15.804955800000002
48.0839895 -121.96874199999999
48.0027778 37.8052778
47.9971865 7.853766800000001
47.862601299999994 -121.8165095
47.809490000000004 13.055010000000001
47.803374299999994 -3.2787515
47.7745617 -96.6093911
47.6743428 -117.1124241
47.6668798 -101.6426944
47.644611 -117.5932728
47.5587 7.5866
47.5382565 -116.1193327
47.522346500000005 -120.46980239999999
47.5141578 -97.83592519999999
47.4888156 -92.4649052
47.4873895 -117.5757622
47.47361110000001 -94.88027779999999
47.463141799999995 -123.8860114
47.447320399999995 -122.4598502
47.392334600000005 -121.4000942
47.39029420000001 0.6888514
47.3176385 -119.55364909999999
47.2342997 -119.8525504
47.2150945 -123.10070659999998
47.1971138 8.719776
47.169714299999995 -98.4598177
47.1301417 -119.27807709999999
47.071031700000006 15.439986300000001
47.04664520000001 -109.466637
47.0225 -65.5088889
47.015240000000006 10.29367
47.003429100000005 -123.40876920000001
47.002378 -71.19421190000001
46.9812062 -123.6026629
46.965236299999994 -94.8394565
46.879175599999996 -102.7896242
46.867326299999995 -122.266502
46.82666029999999 -100.8895761
46.818188 8.227511999999999
46.8068852 -92.23824640000001
46.783333299999995 -71.3
46.7791011 -90.7865723
46.777248 23.59989
46.7323875 -117.00016509999999
46.7312745 -117.17961580000001
46.7280146 -95.7008776
46.698167 10.098442
46.677875 -96.8622001
46.649778999999995 -70.800333
46.54354420000001 -87.39541700000001
46.533012899999996 -93.7102493
46.5205224 -94.2886089
46.5101398 -102.4890471
46.484583 30.7326
46.4513889 -92.7666667
46.404886499999996 -116.8048733
46.393164 -63.790266
46.294847 7.5292699999999995
46.2856907 -119.2844621
46.283055600000004 -96.0775
46.227638 2.213749
46.216666700000005 9.95
46.1878841 -123.8312534
46.054722 -89.257778
46.0130065 -91.4846208
46.0084472 -122.8445509
45.969672499999994 -89.8920991
45.891773799999996 -123.9615274
45.884258 -95.37397800000001
45.849551899999994 9.4155486
45.84917960000001 -84.6189339
45.820881 8.8185164
45.814912 15.9785145
45.787440999999994 24.143259
45.7452466 -87.0645801
45.723742 -93.173363
45.7179814 9.209240699999999
45.7053966 -121.5214623
45.669839200000006 -121.89063540000001
45.665240999999995 -79.643979
45.613621 -73.85550400000001
45.569965 -93.58162779999999
45.539133500000005 -93.8199742
45.5198364 -123.11066310000001
45.5060682 -91.738225
45.431675899999995 -84.99199920000001
45.4020104 -71.88959179999999
45.3980205 -92.98744040000001
45.3531842 -119.5577997
45.3325 -92.49027779999999
45.3 -76.7222222
45.28465070000001 -111.368292
45.253783 -69.4454689
45.220672799999996 -123.07621340000001
45.218888899999996 -87.06611109999999
45.2084696 -117.86521259999999
45.2049047 9.157935499999999
45.1473445 -122.57703219999999
45.1230213 -92.5365865
45.120206 7.815466000000001
45.0808406 13.638351199999999
45.070004700000005 -85.2645105
45.0616794 -83.43275279999999
45.048631 -64.676373
44.986427299999995 -73.44652509999999
44.964989 -70.64859
44.9592231 -70.1539542
44.958164399999994 -124.01789140000001
44.8975 -85.98527800000001
44.8955578 -85.4164605
44.8831249 -68.671977
44.880237 -85.272265
44.8730167 -91.6910015
44.845779 -93.790009
44.8374532 -108.3895614
44.8373682 -0.576144
44.8084467 -124.0631713
44.7825642 -69.3833814
44.7682631 -71.7436155
44.7674614 -94.89555209999999
44.763129600000006 10.5970555
44.661403899999996 -84.7147512
44.5764415 -72.29566009999999
44.5430195 -94.36636740000002
44.53017 -93.35237099999999
44.526454 -69.88699659999999
44.525552600000005 10.866323
44.520563 -80.016235
44.4941903 11.3465185
44.475066 -72.702251
44.462085200000004 -110.64244109999998
44.437711 26.097367000000002
44.409706899999996 -103.5090786
44.4009135 -67.9750023
44.3894097 -93.7302337
44.374161 -83.797279
44.363132 -73.226031
44.3580348 -89.0859464
44.329496 -74.1312662
44.3244086 -68.31760329999999
44.312464399999996 -89.9042937
44.206666999999996 -69.453056
44.1795005 -109.33593359999999
44.151902 -79.868329
44.0777409 -93.5074426
44.0265525 -116.9629378
43.978575899999996 -90.5040214
43.9461707 -76.1190929
43.94236 12.457777
43.934978 -78.608447
43.89278 -71.67639
43.8750174 -85.5100498
43.8600635 -76.00547850000001
43.857024200000005 -70.1031057
43.8247967 -71.20479190000002
43.8230556 -111.78527779999999
43.7913679 -89.31984140000002
43.7864342 -69.9598343
43.7687324 11.2569013
43.738417600000005 7.4246158
43.6769444 -73.8472222
43.6375 -94.1022222
43.591382 -88.443713
43.55222 -87.9617585
43.5508939 7.010541
43.520830200000006 -88.22898509999999
43.4553461 -76.5104973
43.44636679999999 -96.83588470000001
43.4392489 -70.7742246
43.4147488 -84.23053979999999
43.3863521 -95.1483293
43.369141 -80.98125999999999
43.314321500000005 -72.81221
43.312458 -81.75589699999999
43.2984078 -72.48231170000001
43.279720000000005 -75.64389
43.26190029999999 -93.63354790000001
43.2505472 -89.5015088
43.2483002 -0.6036226
43.2472768 -79.05004659999999
43.243603 -79.889075
43.2386666 -78.9097634
43.236906 -94.04134429999999
43.2233604 -85.55142370000002
43.2220234 -71.7139655
43.2200583 -78.38696850000001
43.2128473 -75.4557303
43.190717299999996 140.9946621
43.170612799999994 -78.6903098
43.160857799999995 -85.71003929999999
43.1452778 -95.1472222
43.14472 -72.87611
43.118997799999995 -124.40844799999999
43.1000755 -73.58178249999999
43.0922222 -78.895
43.078495000000004 -71.2999763
43.07610820000001 -89.1995593
43.075967799999994 -107.29028390000002
43.0663612 -92.67241120000001
43.063083299999995 -83.8510732
43.0516505 -91.14124040000002
43.048677000000005 -76.5627197
43.045067100000004 -75.86658
42.9981156 -78.1875167
42.981972799999994 -84.117745
42.9731175 -77.852785
42.9545179 -74.3765241
42.9386856 -74.1881858
42.933692 -72.27814090000001
42.9205842 -83.04493470000001
42.916971999999994 -83.5063365
42.8666103 -109.8609864
42.8386425 -84.1783003
42.8228091 -83.9444027
42.8102794 -89.8620682
42.7981229 -76.1093695
42.7806396 -72.141749
42.7755645 -88.943999
42.7630722 -88.2142563
42.7539591 -76.7024485
42.7533685 -84.7463757
42.752960200000004 -71.5822677
42.7455607 -89.5948432
42.7214501 -78.132788
42.7189532 -77.6763859
42.7120249 -73.2037177
42.6980749 -87.8945229
42.6792602 -70.8411612
42.6411723 -78.5416891
42.6289495 -78.73752890000002
42.614414700000005 -94.14607
42.601119399999995 -89.6384532
42.595337799999996 -78.94114609999998
42.5941998 -85.6372413
42.593916799999995 -86.10170090000001
42.5083952 -78.6672482
42.49746939999999 -94.16801579999999
42.49639570000001 -89.9895681
42.472625799999996 -122.80281770000002
42.4605904 -85.69640600000001
42.4491667 -90.84638890000001
42.422514899999996 -89.4137259
42.4173794 12.104854099999999
42.4078495 -77.2235873
42.378372 -84.6985883
42.369535600000006 -71.94813020000001
42.2598146 -72.23980209999999
42.2528649 -73.790959
42.24863320000001 -88.60842690000001
42.235555600000005 -75.8483333
42.224866999999996 -121.78167040000001
42.1956438 -74.13375079999999
42.1934968 0.15227100000000002
42.1503177 -84.037723
42.1237053 -72.43147309999999
42.105874 -84.2482819
42.068636700000006 -88.4134159
42.064192 -91.795987
42.0526114 -124.28398190000001
42.0124584 -4.5311748
41.999076 -77.129502
41.9645371 -73.44012140000001
41.9464342 -86.33890500000001
41.942833 -79.9844968
41.9257275 -72.9814877
41.92195220000001 -91.4168371
41.905887 -80.6903597
41.8325486 -83.8624411
41.8317661 -71.5872858
41.7986545 -86.61057779999999
41.7942135 -83.4963231
41.785093700000004 -73.6940175
41.755948100000005 -124.20174740000002
41.710654299999995 -72.2081338
41.700323100000006 -86.509462
41.6986111 -93.0469444
41.675328 -85.7061011
41.6717648 -72.9492703
41.6556465 -74.6893282
41.653538 -74.585823
41.634772600000005 -84.9994088
41.60342 -73.68294499999999
41.598817 -90.364558
41.5822716 -85.83443829999999
41.5758707 -87.17614549999999
41.539371 -96.138313
41.536975 -88.58340679999999
41.5336616 -84.9127396
41.525290999999996 -74.854698
41.5161162 -82.9965425
41.5067173 -83.1465875
41.483072299999996 -91.7060015
41.4766571 -95.33805490000002
41.4444791 -87.63143120000001
41.3750937 -74.692663
41.368091899999996 -89.4648145
41.357254 -88.4211785
41.3303342 -80.7253575
41.327534899999996 -89.1289728
41.311366899999996 -105.5911007
41.291424299999996 -87.42059029999999
41.284493299999994 -84.3557802
41.2455927 -89.9248303
41.241192600000005 -76.72384579999999
41.2147851 -79.3853218
41.173545399999995 -71.5850187
41.1578377 -80.0886703
41.1575566 -81.2420473
41.1480026 -102.97312159999998
41.140832200000006 -96.23974179999999
41.1238873 -100.7654232
41.036861 28.789365999999998
41.036056 -111.67687690000001
41.022822999999995 -80.857834
40.9977765 -96.16223520000001
40.9859311 -74.7421089
40.96496810000001 -5.663025299999999
40.96342 -76.6127329
40.9625467 -85.37330779999999
40.9569803 -91.1565365
40.945889799999996 -81.4831714
40.9261773 -77.5172157
40.922258899999996 -89.4862025
40.880866600000004 -88.6297839
40.8772222 -80.68777779999999
40.871229 -97.595572
40.8686675 -82.3182178
40.8532704 29.8815203
40.831756299999995 -75.88242079999999
40.804223799999995 -82.195712
40.797821 -85.8205411
40.7875572 -82.73656770000001
40.7833573 -87.202099
40.7694969 -83.82271479999999
40.76075 -74.976509
40.7488903 -95.8136126
40.739208000000005 -86.505859
40.7146722 -111.300744
40.709112100000006 -112.1016088
40.653989200000005 -75.0865619
40.6493353 14.611507999999999
40.63935 22.944607
40.6250914 -76.06049159999999
40.6233995 -79.7297706
40.5992395 -77.571382
40.58839329999999 -82.4248862
40.5748067 -76.9891453
40.5262138 -75.06156
40.5186809 -78.3947359
40.506666700000004 -111.4122222
40.4897871 -81.44567059999999
40.4774818 -104.90136170000001
40.4675651 -80.8753645
40.4279594 -75.10650629999999
40.3981415 -77.0230334
40.3883333 -95.84222220000001
40.3014581 -79.53892890000002
40.299403000000005 -109.9887605
40.2842164 -84.15549870000001
40.27944 -86.59
40.272845200000006 -80.9967628
40.2680555 -96.74697040000001
40.2667588 -76.1154997
40.244545200000005 -3.6960129
40.195310600000006 -88.4042234
40.1731433 -77.3985963
40.1109255 -77.03497800000001
40.1083158 -104.5199585
40.1028264 -84.6330115
40.1017643 -76.085227
40.0483744 -86.4691677
40.014977 -111.649827
40.013406599999996 -80.0711661
40.001763399999994 -76.8502488
39.997541399999996 -85.7466439
39.96137589999999 -105.5108312
39.9508733 -86.261937
39.9375911 -77.6611022
39.9356016 -91.40987259999999
39.9117424 -79.919774
39.8925466 -85.0416304
39.886449299999995 -83.44825290000001
39.8631101 -84.3605022
39.8567775 -4.0244759
39.7989528 -82.7010016
39.785385999999995 -75.97883490000001
39.7596061 -121.62191770000001
39.7588736 -104.4274609
39.755927 -77.5777692
39.747850799999995 -81.51651269999999
39.7424881 -105.5136081
39.724167 -77.47166700000001
39.706866999999995 -76.683708
39.706231 -74.1340253
39.6864956 8.777319699999998
39.676163 -89.7045439
39.6636933 -79.4053167
39.6548186 -77.5727681
39.6535988 -105.1910996
39.6270376 -78.22722990000001
39.5758213 -105.1122088
39.5708354 -97.66253959999999
39.529782399999995 -84.086601
39.4850848 -80.1425781
39.48401079999999 -0.7532809
39.48308970000001 -88.3728255
39.480605499999996 -86.0549863
39.4667034 -87.4139092
39.4078747 -79.4067116
39.40371470000001 -76.9502567
39.3702773 -94.7824609
39.3688731 -107.0328241
39.367780200000006 -94.3621703
39.33374 -78.053184
39.3076744 -123.7994591
39.219060799999994 -121.06106059999999
39.190047 -90.353727
39.1686659 -120.97317749999999
39.12725579999999 -120.02029640000002
39.120041799999996 -88.5433829
39.090891 -84.84995040000001
39.0417785 -76.0663334
39.030627200000005 -82.8243382
39.028880900000004 -104.4830238
38.99055560000001 -104.86055559999998
38.9636771 -84.08076640000002
38.9611062 -90.5157406
38.9487242 -76.3149547
38.926503499999995 -119.6499162
38.92593970000001 -79.8467349
38.918167100000005 -78.1944446
38.910067100000006 -75.201229
38.909000299999995 -78.0755534
38.8922687 -89.41313559999999
38.891565 -121.29300790000002
38.885177299999995 -121.96969080000001
38.8054624 -123.01722269999999
38.7744802 -92.2571304
38.729877 -78.417847
38.662549299999995 -87.0461181
38.6201125 -75.1507399
38.615566799999996 -95.2677515
38.5805544 -0.1032094
38.5581072 -91.0120878
38.529287700000005 -76.9752514
38.5249065 -121.9708017
38.4614404 -90.0917755
38.4454641 -121.82329579999998
38.439949 -105.226097
38.434911 -81.474873
38.4325896 -82.0201368
38.409529799999994 -82.29459229999999
38.372564399999995 -85.9863593
38.364456700000005 -98.7648073
38.2554729 -120.35103070000001
38.2370131 -85.98580079999999
38.2319537 -97.7733809
38.2206101 -90.3959543
38.196670000000005 -80.69111
38.1527685 -107.7617263
38.0908796 -88.1586488
38.083403000000004 -122.76330359999999
38.077876399999994 -88.7686382
38.0684692 -78.8894682
38.0666735 -103.222708
38.0608445 -97.9297743
38.008032 -89.6735079
37.9950474 -88.49171679999999
37.962303000000006 23.915295999999998
37.9371799 -107.810855
37.83615379999999 -87.5900134
37.823244700000004 -92.13837
37.811941 -107.6645057
37.801787899999994 -80.44563029999999
37.770266299999996 -111.60211899999999
37.764495200000006 -89.3350888
37.741594899999996 -121.12438279999999
37.738381200000006 -88.540607
37.7306054 -88.9331256
37.7139041 -97.13642940000001
37.684166999999995 -77.88555600000001
37.651886700000006 -77.72268259999998
37.6144838 -93.41047490000001
37.611536 -77.8163845
37.5588652 126.80293049999999
37.5234794 -77.3158118
37.4931026 -87.1319409
37.4562557 126.70520619999999
37.444916799999994 127.1388684
37.410884 -94.70496
37.38264 -5.996295099999999
37.3702934 -102.8596463
37.3637534 -79.289749
37.3343079 -79.5230877
37.32799970000001 -119.6493154
37.3265112 -80.73507109999998
37.2751533 -78.2913839
37.263572700000005 127.02860090000001
37.2279279 -77.4019267
37.1685907 -113.6794057
37.1464475 -94.4630035
37.1181 -93.36784899999999
36.970928 24.723682
36.9033581 -104.4391532
36.8401638 -2.4679217
36.7611705 -108.4935746
36.7593036 -79.9903195
36.7281154 -91.85237109999998
36.722263 -86.5772177
36.7098335 -81.97734820000001
36.706981 -97.0855948
36.653611100000006 -87.4597222
36.6436731 -93.2185144
36.6245955 -77.1246878
36.6056886 -77.6077865
36.481464 -94.2732642
36.41818 25.43115
36.416946 -109.2287125
36.4037364 -81.4928829
36.398480299999996 -78.1552706
36.3937519 -78.982788
36.3883809 -86.4466599
36.364538399999994 -95.83887659999999
36.3487196 -82.2106876
36.312596299999996 -95.61609
36.242928000000006 -80.059074
36.234369799999996 -5.3193375
36.2184752 -78.926397
36.216795 -81.6745517
36.114526 -113.24001399999999
36.100335799999996 -86.1319341
36.075418299999995 -79.09973470000001
36.053394299999994 -87.3125103
36.0463718 -112.15405859999998
36.035574700000005 140.07386599999998
36.0140338 -85.1686743
36.0031934 -92.24334870000001
35.9850639 -96.76697
35.9785911 -114.8324851
35.9489566 -85.02690140000001
35.945153600000005 -78.1119345
35.91537 -94.96995600000001
35.888079600000005 -106.3069722
35.877854799999994 -84.1711345
35.8617292 139.6454822
35.7901559 -78.2038842
35.769799 -91.64097209999998
35.747876899999994 -95.36969090000001
35.732854100000004 -84.33381120000001
35.7212689 -77.91553950000001
35.720146299999996 -79.1772371
35.7177841 139.56626
35.7152472 -108.2377519
35.7056775 -118.45182220000001
35.6780104 -119.22927479999998
35.6663394 139.31580559999998
35.6290093 -82.18066970000001
35.6150716 -87.03528309999999
35.5668467 -75.4684908
35.5465517 -77.05217420000001
35.5365485 -78.28444350000001
35.536390000000004 -82.69306
35.5328838 -82.8373558
35.506721500000005 -97.7625441
35.4798757 -79.18029940000001
35.3848841 -77.9927651
35.3842471 -92.2157074
35.362876 138.731575
35.3237528 -80.6559017
35.31922539999999 139.5466868
35.3085842 138.9345062
35.2596833 -118.91426659999999
35.2468204 -91.73368459999999
35.2380657 -111.83349740000001
35.2334472 -82.73429190000002
35.203137299999995 -85.92108990000001
35.1998023 -87.0308412
35.171473299999995 -92.27376290000001
35.1697592 -107.890892
35.1666667 33.3666667
35.140556 -85.232778
35.132222 -82.934167
35.1241907 -109.5381655
35.111247799999994 -81.2264646
35.0886963 -92.44210109999999
35.0475869 -92.7940557
34.9900503 -106.0491893
34.9889818 -90.0125913
34.974532 -92.01653359999999
34.9592083 -116.419389
34.8641446 -118.16340749999999
34.8172987 -97.40586040000001
34.806166 -106.73335990000001
34.79981 -87.677251
34.742908 -117.318703
34.701755799999994 -86.37582009999998
34.6722773 -80.7200838
34.5811305 -113.20464140000001
34.56363579999999 -111.8543178
34.50370039999999 -93.05517950000001
34.4917684 -83.096541
34.4884307 -88.1886539
34.469994 -118.19674180000001
34.467868599999996 -84.4290918
34.442161999999996 -116.94899699999999
34.3991639 -118.918154
34.3687021 -84.9341093
34.3608341 -117.6333884
34.2576066 -88.7033859
34.257038 -85.16467259999999
34.254208399999996 -110.0298327
34.246539299999995 -80.60702370000001
34.2408403 -117.0772605
34.2284312 -92.00319549999999
34.214315899999995 -80.973977
34.2085036 -77.7963709
34.203996999999994 -83.4571057
34.1748208 -86.84361240000001
34.154444 -109.972778
34.1209292 -93.0537839
34.0708665 -112.1507149
34.0026005 -85.0416133
33.961124 -116.5016784
33.949281 -83.53460799999999
33.9261671 -94.8512118
33.9204354 -80.3414693
33.913708500000006 -98.49338730000001
33.8943393 -78.426672
33.889894 -78.579773
33.854721000000005 35.862285
33.836003399999996 -79.0478143
33.73306710000001 -112.11241170000001
33.635661799999994 -96.60888050000001
33.6259545 -83.61239350000001
33.6142714 -85.8349648
33.5684599 -83.3623853
33.558803499999996 133.5311675
33.4956744 -88.4272627
33.4918203 -80.8556476
33.3764196 -117.2511466
33.3619444 -111.45166670000002
33.3614631 -118.4396756
33.360699 -117.072701
33.3157 44.3922
33.3047304 -83.9801707
33.20763 -92.66626740000001
33.189563 -87.4516703
33.1799153 129.7151101
33.0848442 -97.2961286
33.036666700000005 -85.0319444
32.905170399999996 -80.6667688
32.8951262 -97.5458565
32.868160100000004 -84.6299029
32.831238 -85.7635692
32.770075 -108.280326
32.7592955 -97.79725440000001
32.7558935 -111.6709584
32.7293279 -82.719859
32.7169988 -116.87613470000001
32.7038689 -80.03113640000001
32.672825599999996 -114.1468821
32.559149 -115.302247
32.517636100000004 -87.836402
32.4442 34.9208
32.431581300000005 -80.6698286
32.4073589 -87.0211007
32.3862619 -94.8757709
32.3476438 -97.3866837
32.333212800000005 -93.8362925
32.329311100000005 -96.6252679
32.296028899999996 -81.23539050000001
32.294816 -64.781375
32.2871413 -81.0806665
32.28 34.9258333
32.273202399999995 -89.9859158
32.1682 34.8125
32.0577032 35.7660383
31.9973456 -102.0779146
31.897963899999997 34.8081222
31.888844 35.025158000000005
31.855938399999996 -106.6391577
31.8542511 -110.9937019
31.7128683 -110.0675764
31.633333299999997 -8.0
31.578507399999996 -84.155741
31.537673100000003 -84.59936009999998
31.518228499999996 -82.82097399999999
31.378791600000003 -95.3213317
31.338240600000002 -94.729097
31.305774 -97.248499
31.2762892 -96.7413707
31.223231300000002 -85.39048879999999
31.0560132 -97.464453
30.9471278 -97.5386204
30.945186199999995 -95.375496
30.882968100000003 -84.3237944
30.8774132 -84.2012897
30.7999563 -81.68982609999999
30.781858399999997 -85.53854100000001
30.669681800000003 -81.4625919
30.6649119 -97.9225161
30.658601 104.064856
30.616307300000003 -92.057063
30.608333000000002 -87.34
30.599631899999995 -98.4100274
30.487695399999996 -87.6997094
30.483259000000004 -95.193549
30.401587899999996 -86.8635709
30.3584919 -103.6610115
30.311876899999998 -95.4560512
30.306098 -97.9523768
30.2751945 -89.7811745
30.2385294 -90.92009870000001
30.2275 -85.025
30.210556 -97.654444
30.204363300000004 -91.02260129999999
30.142717100000002 -96.2569071
30.1174351 -83.5818147
30.086944 -97.500556
30.0665907 -90.4800848
30.063314399999996 -84.358757
30.0474332 -99.1403189
30.0207678 -93.8457255
29.989105199999997 -97.8772267
29.889065999999996 -97.69026190000001
29.887725 -95.56299840000001
29.8202205 -94.3840777
29.794664100000002 -98.7319703
29.793009299999998 -96.1007929
29.7791667 -82.47972220000001
29.6993748 -91.20676999999999
29.689956300000002 -95.8996757
29.6475331 -84.89587309999999
29.382779 -98.626545
29.370885700000002 -100.89586740000001
29.311636600000003 -96.1027371
29.2428445 47.9416114
29.1141608 -81.1894818
28.967194 -98.47862690000001
28.902479 -82.5926012
28.8230369 -82.665935
28.7091433 -100.4995214
28.555271899999997 -82.38787090000001
28.4237603 -81.03129890000001
28.405 -106.4
28.3647248 -82.19591779999999
28.1825147 -81.8239676
28.0048899 -106.19419909999999
27.9638689 -111.0436021
27.8964147 -81.8431374
27.8953038 -81.9734172
27.8598 34.2824
27.8339158 -97.0610994
27.763914500000002 -98.2388953
27.712530800000003 -82.2989803
27.5875357 -82.4250941
27.495592 -81.440907
27.1961627 -82.4903748
26.625349699999997 -81.6248026
26.558459999999997 -98.12026999999999
26.111840100000002 -97.1681257
26.039522199999997 -97.5563763
25.9405556 -81.71472220000001
25.53965 -103.51709699999999
25.4600711 -100.984701
25.037720999999998 102.722202
24.688001500000002 46.7224333
22.198745000000002 113.543873
21.9811111 -159.3711111
21.9586111 -159.6708333
21.4477778 -158.1791667
21.033333300000002 105.85
20.999722199999997 -156.65805559999998
20.9033333 -156.36944440000002
20.894722199999997 -156.47
20.6312298 -103.4793579
20.522222199999998 -100.81222220000001
20.4310062 -86.90806540000001
19.8336111 -155.1072222
19.404027499999998 72.7865518
19.140006399999997 -96.1155932
18.840481699999998 100.7436084
18.7964642 98.66005859999999
18.7780819 98.9837435
18.539269 -72.33640799999999
18.5204303 73.85674370000001
18.4334704 -64.6332782
18.372450699999998 -65.7165511
18.3450502 -65.8322841
18.1866242 -66.3062802
17.919033 -87.95746
17.385044 78.486671
17.0669444 -96.72027779999999
17.060816 -61.796428000000006
15.795499599999998 102.06263829999999
15.716111100000001 120.90305559999999
15.4533333 101.0672222
15.15 120.58333329999999
15.041755199999999 121.0105733
14.844254000000001 -89.14642590000001
14.712536300000002 101.4218192
14.670119199999998 99.0128926
14.431944400000003 120.88027779999999
13.3742669 144.70825680000002
13.334386499999999 100.9416268
13.193887 -59.543198
13.087940699999999 100.94919870000001
12.86936 74.84255999999999
12.52458 -70.026459
12.136388900000002 -86.25138890000001
10.6135398 -66.84988829999999
10.473523 -84.01674229999999
10.086988900000001 -84.4700083
7.9843109 98.3307468
7.8894866 98.3853304
7.764950999999999 -72.226061
7.0020455 100.45739209999999
6.3625 2.4255
6.235925 -75.575137
5.976474 116.11577700000001
5.4166667 100.3166667
5.263234099999999 100.4846227
4.136209 96.12487800000001
3.8249730000000004 103.3238999
3.5986111000000003 98.4802778
3.19057 113.09011090000001
2.8707497 102.25479190000001
2.588968 101.96290400000001
1.620287 103.656334
1.5309760000000001 110.3442199
1.3245694 124.8279514
1.1426121999999999 101.2797936
1.0456264000000002 104.03045350000001
0.14292729999999998 109.2573812
0.135697 117.49859599999999
-0.589724 101.34310579999999
-0.881142 131.249603
-1.2653860000000001 116.8312
-1.4550205 -48.50236820000001
-1.8479078999999998 120.52790959999999
-2.226925 -80.702568
-3.7183943 -38.543394799999994
-4.269928 138.0803529
-4.2797626 39.5946958
-4.5585849000000005 105.40680790000002
-6.1362398 106.140126
-6.413989599999999 107.463131
-6.5410792 107.44407269999999
-6.814042999999999 107.9488437
-7.150975 110.1402594
-7.2484175 107.9096501
-7.431518 109.247398
-7.5666667 110.81666670000001
-8.129379 115.091301
-8.1844859 113.66807469999999
-11.202691999999999 17.873887
-13.525 -71.9722222
-17.930178 -43.7908453
-19.815730600000002 -43.9542226
-20.45 -49.866667
-21.211544500000002 -50.4261364
-22.957639999999998 18.49041
-23.0309385 -45.5483236
-25.2520888 -52.0215415
-26.1116016 -49.8068649
-26.381700300000002 153.0983793
-29.772120899999997 30.8068196
-30.810192100000002 121.5362916
-32.020034 115.9328428
-32.890183 -68.84404980000001
-33.9 18.6333333
-34.4559059 -58.908329
-35.3080556 149.12444440000002
-36.506376 148.30120300000002
-37.7133771 145.14891619999997
-37.8229826 145.18119019999997
-41.292494500000004 174.7732353
-45.031162200000004 168.6626435
